Segment 1:
x: [0, 1, 2, 3, 4, 5, 6, 7]
y: [0.0, 0.0, 0.0, 0.0, 0.0, 0.0, 564.6783105211475, 565.7753455015632]
dydx: [0.0, 0.0, 0.0, 0.0, 0.0, 0.0, 2.189815672418641, 0.0]

Segment 2:
x: [7, 8, 9, 10, 11, 12, 13, 14]
y: [565.7753455015632, 569.3049784961704, 571.4411650860824, 574.5991072794977, 581.6133865147149, 592.7109011982171, 601.7278938302474, 597.6814213069632]
dydx: [0.0, 2.6615583351762004, 2.548466061700633, 4.355132948824771, 8.595621963935312, 9.949655396999523, 0.0, -10.578205100941318]

Segment 3:
x: [14, 15, 16, 17, 18, 19, 20, 21]
y: [597.6814213069632, 586.0270231841541, 582.7576453006484, 581.8647844426615, 577.4042991276037, 576.3293515766366, 576.0681268677962, 571.2790476612795]
dydx: [-10.578205100941318, -5.106299029436002, -1.4026583881651316, -1.4878891133525527, -1.7323984886441635, -0.4203093709796151, -0.49542595546838303, -7.0530064553548755]

Segment 4:
x: [21, 22, 23, 24, 25, 26, 27, 28]
y: [571.2790476612795, 567.6460457364332, 564.4437154256501, 558.2980359545304, 552.6435508586799, 551.6640218245218, 547.7252038221471, 547.5238775500255]
dydx: [-7.0530064553548755, -3.4040985227976512, -4.21062795394677, -5.889859039863101, -1.6697981692699602, -1.5688956329972124, -0.38307242086631943, 0.0]

Segment 5:
x: [28, 29, 30, 31, 32, 33, 34, 35]
y: [547.5238775500255, 546.7111036710814, 545.015473905278, 545.7951910962795, 544.5539214435026, 550.590978576391, 552.1930139207467, 557.5304726665705]
dydx: [0.0, -1.0988371707168627, 0.0, 0.0, 0.0, 2.532127718467194, 2.4643864376081956, 7.205170446557872]

Segment 6:
x: [35, 36, 37, 38, 39, 40, 41, 42]
y: [557.5304726665705, 559.9642848230052, 561.6249028546587, 565.0744312586916, 575.0938183773624, 585.2507211986464, 603.321461936965, 619.6128116786687]
dydx: [7.205170446557872, 1.9742099227341112, 2.2419510440774584, 5.132137089819439, 10.087676336533859, 13.004468984466937, 17.134973649566508, 15.401654243396248]

Segment 7:
x: [42, 43, 44, 45, 46, 47, 48, 49]
y: [619.6128116786687, 629.4576825753645, 631.9224706583889, 635.7076515077429, 640.0938995657907, 636.1599136308962, 638.7248875957881, 641.6193756563747]
dydx: [15.401654243396248, 3.9425170924825745, 2.9855088082908114, 4.0636080514143, 0.0, 0.0, 2.719786851688698, 3.0592451084339127]

Segment 8:
x: [49, 50, 51, 52, 53, 54, 55, 56]
y: [641.6193756563747, 643.5816955187383, 643.8437080118546, 643.3175161577796, 641.1546795203825, 641.3316255863498, 640.3638554853557, 642.9103697515494]
dydx: [3.0592451084339127, 0.4622981077110437, 0.0, -0.8464521844246597, 0.0, 0.0, 0.0, 4.303656449787695]

Segment 9:
x: [56, 57, 58, 59, 60, 61, 62, 63]
y: [642.9103697515494, 645.1960630449886, 640.4044332385173, 621.4509539977004, 605.1647389768143, 591.7574719933388, 579.1407388547906, 572.4339612878802]
dydx: [4.303656449787695, 0.0, -7.649411580782362, -17.518905585131915, -14.70717599931431, -12.9999929952832, -8.757996833091733, -3.751799781091563]

Segment 10:
x: [63, 64, 65, 66, 67, 68, 69, 70]
y: [572.4339612878802, 567.357096702448, 563.9752667132258, 558.8821640899598, 559.1019257392765, 555.5911940930442, 555.8508601372381, 576.815372069778]
dydx: [-3.751799781091563, -4.059513617545687, -4.064694783334738, 0.0, 0.0, 0.0, 0.5129783483671527, 31.316934876712995]

Segment 11:
x: [70, 71, 72, 73, 74, 75, 76, 77]
y: [576.815372069778, 585.7802268956962, 600.2725463353366, 588.6226002247893, 596.3641487936422, 593.935237184975, 608.7839067132876, 594.7236506075166]
dydx: [31.316934876712995, 11.077339358642819, 0.0, 0.0, 0.0, 0.0, 0.0, -28.514718922812847]

Segment 12:
x: [77, 78, 79, 80, 81, 82, 83, 84]
y: [594.7236506075166, 557.1904203295323, 551.7120548485042, 551.0953215084642, 551.6408329913235, 561.2460997325688, 566.4373139745991, 568.8662572700152]
dydx: [-28.514718922812847, -9.561177608868666, -1.108658199074874, 0.0, 1.0323904606315077, 6.7398454486593495, 3.3094237136923317, 1.047807822109121]

Segment 13:
x: [84, 85, 86, 87, 88, 89, 90, 91]
y: [568.8662572700152, 572.1897302717971, 573.665109059014, 581.6322975577668, 591.2304273044068, 597.9947689175813, 601.3680007921016, 624.4757811315633]
dydx: [1.047807822109121, 2.043564495139369, 2.4897086880776222, 8.70694260800256, 7.93584624548803, 4.501608351821276, 5.887078678157931, 32.97505457193234]

Segment 14:
x: [91, 92, 93, 94, 95, 96, 97, 98]
y: [624.4757811315633, 617.7389803721294, 623.676487383993, 622.864785471255, 621.5096048611921, 625.6375530224124, 630.2566656644966, 631.7663900478515]
dydx: [32.97505457193234, 0.0, 0.0, -1.0152859527167086, 0.0, 4.359740481089959, 2.2756640309643945, 0.0]

Segment 15:
x: [98, 99, 100, 101, 102, 103, 104, 105]
y: [631.7663900478515, 632.4370181129756, 631.0787816391668, 629.7369938928598, 633.341635699568, 634.1575959185878, 644.4624888591323, 650.364195796606]
dydx: [0.0, 0.0, -1.3499620066857765, 0.0, 1.3306985342592024, 1.512183027704394, 7.505147114741026, 3.7001139359383037]

Segment 16:
x: [105, 106, 107, 108, 109, 110, 111, 112]
y: [650.364195796606, 660.5103947466444, 640.3563960607434, 611.3404078510873, 594.8862419372555, 589.979580911812, 585.6569690800142, 576.6755933292886]
dydx: [3.7001139359383037, 0.0, -23.786387801554113, -20.999879739085717, -7.559165647012896, -4.596156453769202, -5.836295448277171, -11.310757710189364]

Segment 17:
x: [112, 113, 114, 115, 116, 117, 118, 119]
y: [576.6755933292886, 574.7630176683829, 573.5200148967366, 573.6357951712246, 573.5804080508046, 563.1278423797409, 555.2896676838818, 557.2447210984944]
dydx: [-11.310757710189364, -1.5067518670841105, 0.0, 0.0, -0.11019035296574854, -8.958525910509163, 0.0, 5.865160243837863]

Segment 18:
x: [119, 120, 121, 122, 123, 124, 125, 126]
y: [557.2447210984944, 570.1028125943878, 585.1973477534623, 582.8043993138432, 580.650197534095, 576.6656194750373, 559.6577391663285, 553.6849418775854]
dydx: [5.865160243837863, 13.886846238749818, 0.0, -2.2673074513867135, -2.7965118058501233, -6.456530771376409, -8.840872595191595, -0.4552557787602609]

Segment 19:
x: [126, 127, 128, 129, 130, 131, 132, 133]
y: [553.6849418775854, 558.9197382370706, 565.563261305588, 568.2144261496574, 565.9674547394247, 563.5246052169774, 560.864423540568, 558.0593306012094]
dydx: [-0.4552557787602609, 5.855624709206662, 3.7899227958296096, 0.0, -2.340819880004631, -2.546887637800715, -2.7307161533578737, -2.8775485708333686]

Segment 20:
x: [133, 134, 135, 136, 137, 138, 139, 140]
y: [558.0593306012094, 558.4610140458574, 557.5945511989961, 555.1352147235416, 552.8179218490486, 550.2559296546514, 548.6853381402809, 546.162807265988]
dydx: [-2.8775485708333686, 0.0, -1.2814505491139005, -2.3862026852110927, -2.4335066194169688, -1.9473740807072584, -1.9358647065501915, -2.9985005542541217]

Segment 21:
x: [140, 141, 142, 143, 144, 145, 146, 147]
y: [546.162807265988, 543.6417305106303, 542.181710006339, 541.307795801257, 542.0347015616269, 542.1720541206136, 542.4075288639967, 544.3631713136897]
dydx: [-2.9985005542541217, -1.8491503802340739, -1.0933747660436703, 0.0, 0.23104750996966497, 0.17350155621555508, 0.4203375387184954, 2.8157263028478496]

Segment 22:
x: [147, 148, 149, 150, 151, 152, 153, 154]
y: [544.3631713136897, 545.6912110531958, 545.7975807641244, 547.161784093609, 547.7660310675961, 549.3875132115583, 550.7886579360829, 549.9221228119151]
dydx: [2.8157263028478496, 0.19696357012999305, 0.19735152191323782, 0.8375276046242551, 0.8804087352427601, 1.5032825755703425, 0.0, -2.0003750485141154]

