Segment 1:
x: [0, 1, 2, 3, 4, 5, 6, 7]
y: [575.0898537685302, 574.881940469142, 582.2822800924112, 589.7861971020349, 589.4865224024576, 591.3302016213138, 592.4810409675231, 593.0764047396851]
dydx: [-0.623739898164672, 0.0, 7.451768410037522, 0.0, 0.0, 1.4171083202496229, 0.7847518391224897, 0.3176259851384202]

Segment 2:
x: [7, 8, 9, 10, 11, 12, 13, 14]
y: [593.0764047396851, 593.8090820501619, 595.3527279896399, 597.3811356840984, 597.9598260035697, 599.510933752729, 596.9023454882769, 597.8661169526057]
dydx: [0.3176259851384202, 0.993702766325139, 1.7531334196156168, 0.9004800666890963, 0.8429071770851668, 0.0, 0.0, 2.7499513287193054]

Segment 3:
x: [14, 15, 16, 17, 18, 19, 20, 21]
y: [597.8661169526057, 598.9071548186735, 597.0266797869702, 592.0249759199398, 592.2007155796363, 597.839363829918, 601.9695455556083, 603.8055753732193]
dydx: [2.7499513287193054, 0.0, -2.733314369277671, 0.0, 0.3408558699538568, 4.767949082580247, 2.542027464324015, 0.6889538635713848]

Segment 4:
x: [21, 22, 23, 24, 25, 26, 27, 28]
y: [603.8055753732193, 609.2483141368249, 608.8534244270448, 612.4240116191854, 617.4901838254158, 626.0131967151391, 630.9148121536019, 639.9252792120315]
dydx: [0.6889538635713848, 0.0, 0.0, 4.18888816010243, 6.354913956998993, 6.2238641608829, 6.34927868652657, 11.06489286841287]

Segment 5:
x: [28, 29, 30, 31, 32, 33, 34, 35]
y: [639.9252792120315, 645.7799132846047, 664.8114693724261, 661.8182997235951, 672.2044474263752, 662.0197533630305, 657.4418273444144, 657.9588229997551]
dydx: [11.06489286841287, 8.95458854953003, 0.0, 0.0, 0.0, -6.316599043445428, 0.0, 1.5509869660220374]

Segment 6:
x: [35, 36, 37, 38, 39, 40, 41, 42]
y: [657.9588229997551, 664.3606830303804, 675.410917220255, 683.4651791959183, 694.8695440925787, 690.7717421464954, 689.840034353378, 685.3278672163308]
dydx: [1.5509869660220374, 8.10699870117723, 9.317333499558993, 9.440927476173178, 0.0, -1.5182211411422006, -1.5444959112269996, -6.302396809012066]

Segment 7:
x: [42, 43, 44, 45, 46, 47, 48, 49]
y: [685.3278672163308, 684.4442379840115, 671.8158760120364, 632.2293013026966, 633.0741014879542, 623.1786391570591, 617.9043764131525, 611.9837270468977]
dydx: [-6.302396809012066, -1.651686953615002, -19.148298415501923, 0.0, 0.0, -6.880977479580819, -5.578795092786464, -6.243842677428859]

Segment 8:
x: [49, 50, 51, 52, 53, 54, 55, 56]
y: [611.9837270468977, 608.9666279634656, 608.5750785989198, 612.0659579056701, 614.276417608877, 618.0563966643853, 632.179823016412, 641.7816224968605]
dydx: [-6.243842677428859, -0.6931446565516427, 0.0, 2.70688974041142, 2.7896091480815595, 5.963810190010708, 11.431740103684774, 7.340986044659303]

Segment 9:
x: [56, 57, 58, 59, 60, 61, 62, 63]
y: [641.7816224968605, 655.3856383943553, 656.5706401582543, 662.9537593943342, 668.199151976915, 671.1178258138733, 675.6170761974137, 684.1405972211642]
dydx: [7.340986044659303, 2.1801019112613367, 1.9989129544713422, 5.758598661082796, 3.7504815146317925, 3.5405711867682266, 5.889599692082997, 10.535656343855578]

Segment 10:
x: [63, 64, 65, 66, 67, 68, 69, 70]
y: [684.1405972211642, 689.1228647416085, 692.4099667339168, 694.7417050489554, 704.360209307176, 703.5215093025873, 704.3331483028176, 707.7454644340843]
dydx: [10.535656343855578, 3.9609359498107586, 2.7282005686771527, 3.753536344515904, 0.0, 0.0, 1.311362818510472, 4.712654696784966]

Segment 11:
x: [70, 71, 72, 73, 74, 75, 76, 77]
y: [707.7454644340843, 707.1637000146777, 706.4336923651515, 703.2252829984645, 695.7516300649817, 686.9819163765004, 682.1649997487642, 676.5900333250771]
dydx: [4.712654696784966, -0.6475095581726912, -1.189393287125827, -4.4894960170327245, -8.069976866137814, -6.218315903702546, -5.168293048034517, -5.953991321662556]

Segment 12:
x: [77, 78, 79, 80, 81, 82, 83, 84]
y: [676.5900333250771, 673.3610998199354, 669.634654751808, 663.2240637318237, 657.9526552122214, 651.1484156876685, 639.5621580074456, 621.3957725525057]
dydx: [-5.953991321662556, -3.459896024003584, -4.713155814492572, -5.785455478562159, -5.940538523148382, -8.573522680937051, -14.148687364883743, -21.45644934229847]

Segment 13:
x: [84, 85, 86, 87, 88, 89, 90, 91]
y: [621.3957725525057, 618.9351540288341, 621.6606965775829, 625.4026697047664, 621.7628861262251, 621.4663107709017, 624.0740095273534, 626.0071397366612]
dydx: [-21.45644934229847, 0.0, 3.153887051984032, 0.0, -0.5484612182183985, 0.0, 2.2203087942238784, 1.5958459357358947]

Segment 14:
x: [91, 92, 93, 94, 95, 96, 97, 98]
y: [626.0071397366612, 637.3073909591508, 643.904445178118, 669.0865299930459, 675.0476512680448, 682.4796016361272, 687.2799870015159, 675.3441204591645]
dydx: [1.5958459357358947, 8.330680866632845, 10.455134023204382, 9.640206027962309, 6.615772488127922, 5.833101144471996, 0.0, -20.30399249622144]

Segment 15:
x: [98, 99, 100, 101, 102, 103, 104, 105]
y: [675.3441204591645, 677.4379711512871, 675.0246705660693, 671.1560584005362, 664.6042732381779, 649.6028092460217, 632.3652261093539, 617.7026393454291]
dydx: [-20.30399249622144, 0.0, -2.9723825762928158, -4.864750352122611, -9.120329699976915, -16.041974299254296, -15.846157505077311, -13.375088577553242]

Segment 16:
x: [105, 106, 107, 108, 109, 110, 111, 112]
y: [617.7026393454291, 608.7045023675385, 607.3336672200778, 605.5461211732998, 607.1623404608171, 606.584485272699, 606.4967083338281, 604.6889459765724]
dydx: [-13.375088577553242, -2.37920640191515, -1.551700569328105, 0.0, 0.0, -0.1524035798966383, -0.16742448573889093, -2.667755066448081]

Segment 17:
x: [112, 113, 114, 115, 116, 117, 118, 119]
y: [604.6889459765724, 604.5996579857066, 603.6235213071402, 604.0545712939207, 605.4352416221511, 608.4650357619379, 608.8802256660056, 610.0611793138515]
dydx: [-2.667755066448081, -0.16361040876985702, 0.0, 0.6569865357262767, 1.8969189752164852, 0.7303023307100442, 0.6143808696526034, 1.5638355197351075]

Segment 18:
x: [119, 120, 121, 122, 123, 124, 125, 126]
y: [610.0611793138515, 613.194623460135, 622.0072013650798, 633.4166873701382, 642.1488398073976, 646.8664027240767, 646.8460104552264, 646.7872925442459]
dydx: [1.5638355197351075, 4.62308214927107, 9.944285086075483, 9.892876521666214, 6.125702654181564, 0.0, -0.030271487932466375, -0.07788073204557122]

Segment 19:
x: [126, 127, 128, 129, 130, 131, 132, 133]
y: [646.7872925442459, 647.0520199910745, 642.4593215381315, 638.8152729560039, 632.4738977435111, 628.2067306950717, 618.522109842635, 602.8630528033251]
dydx: [-0.07788073204557122, 0.0, -4.0637441490742745, -4.628402324651012, -5.101494000394744, -5.924100233139591, -11.96764186951592, -18.646275132746553]

Segment 20:
x: [133, 134, 135, 136, 137, 138, 139, 140]
y: [602.8630528033251, 583.1799127694219, 574.0396926376025, 565.7681156892979, 562.0329645400606, 563.060276217297, 563.8062471577495, 565.6912356373924]
dydx: [-18.646275132746553, -12.483501698684938, -8.684231018415744, -5.146379578761368, 0.0, 0.8643232052932804, 1.0689230842263182, 2.4544972492382158]

Segment 21:
x: [140, 141, 142, 143, 144, 145, 146, 147]
y: [565.6912356373924, 578.0605712608062, 590.5775866715069, 597.7504328189281, 608.6975371544457, 615.0316796597588, 620.6404027583993, 623.8580137777499]
dydx: [2.4544972492382158, 12.442737338725193, 9.119680755583726, 8.666899529595215, 8.024943977753615, 5.949401518488058, 4.089283048980997, 2.0220549797055583]

