Segment 1:
x: [0, 1, 2, 3, 4, 5, 6, 7]
y: [572.853177023091, 576.7799374905888, 581.4071032329044, 581.3647284155406, 563.253498310923, 562.7677573392912, 577.3572015994324, 558.0754359629686]
dydx: [3.576557830088973, 4.248288111870783, 0.0, -0.08455180898946647, -0.9461074572191328, 0.0, 0.0, -36.217370584766286]

Segment 2:
x: [7, 8, 9, 10, 11, 12, 13, 14]
y: [558.0754359629686, 555.392822210875, 556.4450649058272, 547.6572551298127, 543.0795612287081, 536.8446961022552, 533.544956895554, 525.8711693229196]
dydx: [-36.217370584766286, 0.0, 0.0, -6.019661389132133, -5.279287537914242, -4.315528612909871, -4.615015432413411, -9.860811755601048]

Segment 3:
x: [14, 15, 16, 17, 18, 19, 20, 21]
y: [525.8711693229196, 518.4769915844096, 524.7942612561868, 530.3921654426915, 535.6791491728698, 512.2792436682266, 494.0778158193088, 498.8109328702523]
dydx: [-9.860811755601048, 0.0, 5.935871480102784, 5.438003327858998, 0.0, -20.47586735235255, 0.0, 14.199351152830559]

Segment 4:
x: [21, 22, 23, 24, 25, 26, 27, 28]
y: [498.8109328702523, 509.97966707945574, 522.3174842803336, 514.6147749225885, 510.0421210140811, 499.5939334434984, 501.5848275225541, 502.34059388492983]
dydx: [14.199351152830559, 11.724203915274906, 0.0, -5.73862024069327, -6.361287521468131, 0.0, 1.0956219802831781, 0.13820250403568934]

Segment 5:
x: [28, 29, 30, 31, 32, 33, 34, 35]
y: [502.34059388492983, 512.8938886620223, 523.4445035163552, 517.3517439270454, 509.9745970508033, 517.3946877272908, 544.9321948683571, 554.6929710009525]
dydx: [0.13820250403568934, 10.551954645554977, 0.0, -6.6737185572771995, 0.0, 11.690208295063716, 14.412858655266897, 0.8724106283600008]

Segment 6:
x: [35, 36, 37, 38, 39, 40, 41, 42]
y: [554.6929710009525, 582.4403258486154, 609.0999651112915, 606.397819950986, 568.2075937482958, 552.8139015238371, 589.4581921554064, 610.5485136874577]
dydx: [0.8724106283600008, 27.192624140637342, 0.0, -5.047177821433654, -21.94272481009195, 0.0, 26.7721508042175, 13.313336982292189]

Segment 7:
x: [42, 43, 44, 45, 46, 47, 48, 49]
y: [610.5485136874577, 619.2409501797301, 650.9420124686575, 647.0637115041603, 648.5533008574959, 646.2451672096821, 598.9317469488333, 591.7266703501475]
dydx: [13.313336982292189, 13.643753524630409, 0.0, 0.0, 0.0, -4.401542825451644, -12.50573059648134, 0.0]

Segment 8:
x: [49, 50, 51, 52, 53, 54, 55, 56]
y: [591.7266703501475, 593.4979422162613, 578.9658320409395, 539.5192982001223, 518.1036246459946, 500.3924539040262, 500.46062224111046, 503.4607846685392]
dydx: [0.0, 0.0, -21.239561914075605, -27.760218622861107, -19.3880522538976, 0.0, 0.13330771638174008, 4.466159472600964]

Segment 9:
x: [56, 57, 58, 59, 60, 61, 62, 63]
y: [503.4607846685392, 504.6839335600246, 507.0974284031129, 508.11117771207597, 508.8968505718154, 507.6509950618607, 506.0465010829392, 573.4867445003847]
dydx: [4.466159472600964, 1.6235098939518586, 1.4277819850694184, 0.885256759069711, 0.0, -1.4026123267547774, 0.0, 101.96261211562904]

Segment 10:
x: [63, 64, 65, 66, 67, 68, 69, 70]
y: [573.4867445003847, 582.2329471276951, 593.0352018195676, 602.4696814439768, 611.8081220267054, 652.7643728705127, 665.3003808977528, 669.0877475414865]
dydx: [101.96261211562904, 9.666103756864691, 10.072144071798588, 9.386214443931882, 15.209061002188765, 19.196343552488077, 5.817235664188093, 0.0]

Segment 11:
x: [70, 71, 72, 73, 74, 75, 76, 77]
y: [669.0877475414865, 676.013965704079, 653.4973913046146, 641.9244372085836, 668.7948763129724, 674.7452478526847, 668.9854469790143, 640.954812769139]
dydx: [0.0, 0.0, -15.288171671796572, 0.0, 9.743153381561184, 0.0, -9.556010214866511, -39.166050877977796]

Segment 12:
x: [77, 78, 79, 80, 81, 82, 83, 84]
y: [640.954812769139, 630.273079480247, 611.6371538953961, 626.9895102481047, 610.1807208056249, 626.0763427121713, 606.1055953309698, 554.0210578642645]
dydx: [-39.166050877977796, -13.579801002957947, 0.0, 0.0, 0.0, 0.0, -28.871362937773796, -68.1414325094571]

Segment 13:
x: [84, 85, 86, 87, 88, 89, 90, 91]
y: [554.0210578642645, 557.0224362992756, 553.4828165292887, 564.1320645972434, 573.0601444005355, 580.7169443201595, 587.8208640302421, 587.9318767984737]
dydx: [-68.1414325094571, 0.0, 0.0, 9.713004473444377, 8.243716187556918, 7.370005423815099, 0.21860933409472008, 0.0]

Segment 14:
x: [91, 92, 93, 94, 95, 96, 97, 98]
y: [587.9318767984737, 587.3113261899715, 587.5917070372275, 586.0378230821129, 585.6159968837038, 587.155839844225, 585.6089844274346, 579.1406692286515]
dydx: [0.0, 0.0, 0.0, -0.6635274515200252, 0.0, 0.0, -2.4966526310256425, -8.929045089779436]

Segment 15:
x: [98, 99, 100, 101, 102, 103, 104, 105]
y: [579.1406692286515, 576.0855032897837, 581.8644769763238, 617.8945310941195, 622.3814078830683, 636.1965118017544, 643.1150673210337, 639.1123795648479]
dydx: [-8.929045089779436, 0.0, 9.960371986921162, 7.979993050203813, 6.773766195022711, 9.21984503044609, 0.0, -9.463309393918507]

Segment 16:
x: [105, 106, 107, 108, 109, 110, 111, 112]
y: [639.1123795648479, 634.4146264199569, 666.8575993063547, 665.2892294987187, 677.6979474161535, 662.5182259589543, 675.2208485479906, 661.8490076529281]
dydx: [-9.463309393918507, 0.0, 0.0, 0.0, 0.0, 0.0, 0.0, -26.409072637111933]

Segment 17:
x: [112, 113, 114, 115, 116, 117, 118, 119]
y: [661.8490076529281, 656.575667775778, 653.0603388363563, 650.4523723293894, 633.9411939699288, 625.872778573415, 617.7367484356176, 616.2371848939493]
dydx: [-26.409072637111933, -4.218505592700922, -2.994420313457306, -4.504448337293911, -10.839808583709981, -8.102081702370945, -2.5323803751824383, 0.0]

Segment 18:
x: [119, 120, 121, 122, 123, 124, 125, 126]
y: [616.2371848939493, 609.6269749141312, 605.3462107798634, 615.5270250121664, 600.9717599896811, 584.4250421781679, 572.7638636812667, 563.4377961281723]
dydx: [0.0, -5.196367102734472, 0.0, 0.0, -15.487235285563917, -13.680866366511143, -10.363716911854219, -8.158512081190963]

Segment 19:
x: [126, 127, 128, 129, 130, 131, 132, 133]
y: [563.4377961281723, 559.0949365113707, 558.9774301049357, 553.7895624820549, 558.1235251828866, 580.0253498629531, 578.20003043515, 571.1290517588425]
dydx: [-8.158512081190963, -0.2288215023447371, -0.22980761697739646, 0.0, 7.2360466919072, 0.0, -2.9016102204313814, -9.693808300559681]

Segment 20:
x: [133, 134, 135, 136, 137, 138, 139, 140]
y: [571.1290517588425, 576.8938118553408, 595.1198922356525, 592.841190663622, 594.9920793819866, 618.4786579651079, 663.2836249751296, 658.0933852912106]
dydx: [-9.693808300559681, 8.759091286822855, 0.0, 0.0, 3.9408742145517572, 30.818320758600372, 0.0, -15.57071905175701]

Segment 21:
x: [140, 141, 142, 143, 144, 145, 146, 147]
y: [658.0933852912106, 648.3496287323604, 636.6080520078542, 636.5692750039724, 619.6655650673027, 595.7597740454531, 638.906635677969, 639.6160318643065]
dydx: [-15.57071905175701, -10.649782687734715, -0.07729872578064831, -0.077376506546098, -19.804043065889516, 0.0, 1.395842719684997, 0.0]

