Segment 1:
x: [0, 1, 2, 3, 4, 5, 6, 7]
y: [592.9914928238879, 581.7016025876796, 581.1192711198573, 580.5329251786715, 578.7101506304485, 576.3804967305483, 572.4388629516117, 565.4887830204103]
dydx: [-16.643669620401283, -1.1075363174142825, -0.5843318095319363, -0.8872752215973212, -2.0452773060187193, -2.9284711451098064, -5.030369058935875, -8.454303007333692]

Segment 2:
x: [7, 8, 9, 10, 11, 12, 13, 14]
y: [565.4887830204103, 559.5909977757751, 553.8469785425751, 548.1600571551064, 541.8652313397997, 538.4140586230164, 533.6616707544664, 529.1870831302285]
dydx: [-8.454303007333692, -5.8198867611917136, -5.715327707722052, -5.97545231986962, -4.4581437272248, -3.9985835859699046, -4.609305824820619, -4.335687502081783]

Segment 3:
x: [14, 15, 16, 17, 18, 19, 20, 21]
y: [529.1870831302285, 526.3658124984534, 526.6353775589371, 528.2108401579271, 530.0900727358284, 532.3163679930661, 533.4692403345276, 537.5821981609809]
dydx: [-4.335687502081783, 0.0, 0.460361305269245, 1.7139924014663432, 2.038094366146994, 1.519092587762911, 1.8009374281028967, 5.593000568949094]

Segment 4:
x: [21, 22, 23, 24, 25, 26, 27, 28]
y: [537.5821981609809, 542.1078751188285, 545.8173864913672, 549.8878550438939, 556.0194782903604, 564.8954630175215, 579.7937526208415, 592.7735514110493]
dydx: [5.593000568949094, 4.077150265435299, 3.881616542097181, 4.892835722796897, 7.252880590162108, 11.124376638520499, 13.873031654080927, 12.020553383651757]

Segment 5:
x: [28, 29, 30, 31, 32, 33, 34, 35]
y: [592.7735514110493, 602.2692907134683, 604.9760759313311, 611.2627438558311, 617.23112443975, 621.1716868302997, 622.8205960264197, 619.8253846013799]
dydx: [12.020553383651757, 4.212722823665871, 3.7842327164620593, 6.123390984924363, 4.746979798365222, 2.324953070396933, 0.0, -5.31727173561967]

Segment 6:
x: [35, 36, 37, 38, 39, 40, 41, 42]
y: [619.8253846013799, 621.5638274085464, 621.8173423879377, 626.5657572127451, 623.1561794865669, 618.2334811851906, 610.0088893011616, 605.493654092534]
dydx: [-5.31727173561967, 0.44250063470808165, 0.48133193930146606, 0.0, -4.028748549751068, -6.159015877198361, -5.829901235122119, -2.6605568709268823]

Segment 7:
x: [42, 43, 44, 45, 46, 47, 48, 49]
y: [605.493654092534, 603.394834889304, 597.4941775376352, 589.267017246984, 583.7687064145911, 580.1221621676492, 579.5600974182668, 573.4995499293076]
dydx: [-2.6605568709268823, -3.096305833605791, -6.872350009242704, -6.591465479093561, -4.384942912669749, -0.9740006639055484, -1.02872400886791, -8.809788858747538]

Segment 8:
x: [49, 50, 51, 52, 53, 54, 55, 56]
y: [573.4995499293076, 573.161617361803, 572.5879707878707, 574.2592861859711, 573.5123250466777, 572.2290305088865, 572.7902700667195, 580.413846388092]
dydx: [-8.809788858747538, -0.42531438194951315, 0.0, 0.0, -0.9442861417080077, 0.0, 1.0455097993306595, 11.154744703142285]

Segment 9:
x: [56, 57, 58, 59, 60, 61, 62, 63]
y: [580.413846388092, 572.9654743354772, 571.7240478569524, 574.8512542211331, 589.6015271734207, 593.7246613441924, 597.9349993938204, 599.6833069506482]
dydx: [11.154744703142285, -2.128152052060827, 0.0, 5.160363676919998, 6.4447668660187505, 4.166279846814885, 2.470684217564224, 0.5172923104278198]

Segment 10:
x: [63, 64, 65, 66, 67, 68, 69, 70]
y: [599.6833069506482, 607.2435595626804, 605.911267871426, 603.3311865525418, 600.6273050501726, 598.9466568904619, 598.1102872533528, 597.9736687492841]
dydx: [0.5172923104278198, 0.0, -1.757205100332835, -2.640531127387672, -2.072867021671337, -1.116911523805129, -0.23487145183906483, 0.0]

Segment 11:
x: [70, 71, 72, 73, 74, 75, 76, 77]
y: [597.9736687492841, 599.4015726235504, 607.6920453552241, 607.9381730899291, 601.5697237997049, 592.8723674259994, 584.4493882333836, 572.2272683647128]
dydx: [0.0, 2.4362089705023364, 0.47806273261057797, 0.0, -7.352898910353333, -8.557969145253946, -9.972987878417541, -14.121690206698304]

Segment 12:
x: [77, 78, 79, 80, 81, 82, 83, 84]
y: [572.2272683647128, 563.2052013674768, 547.5041325814498, 538.1070158725776, 529.0250923095928, 517.0558216163856, 494.81614912679794, 487.46448485367875]
dydx: [-14.121690206698304, -11.459395422780055, -11.75740579862335, -9.236832043967208, -10.32758523981673, -15.562752624876573, -11.050437295122542, 0.0]

Segment 13:
x: [84, 85, 86, 87, 88, 89, 90, 91]
y: [487.46448485367875, 481.5539360032932, 475.85784618240564, 469.61446594337065, 472.3290766974563, 478.39246942384204, 491.26152445796686, 502.5586064655187]
dydx: [0.0, -5.801338026635914, -5.957191474833082, 0.0, 3.7502266062914575, 8.243005413396803, 12.031941210089183, 10.51109549426539]

Segment 14:
x: [91, 92, 93, 94, 95, 96, 97, 98]
y: [502.5586064655187, 517.0659433865351, 530.485438601139, 545.4555207747162, 543.7971768865709, 549.7222263612682, 559.1637343580127, 574.0135575494334]
dydx: [10.51109549426539, 13.942228566620173, 14.15244357770396, 0.0, 0.0, 7.2809283537222065, 11.5436015692996, 17.553980788758793]

Segment 15:
x: [98, 99, 100, 101, 102, 103, 104, 105]
y: [574.0135575494334, 584.9799663982889, 594.3314273019172, 604.5307244325096, 612.0012496654009, 617.7091116829482, 619.7234324697594, 618.5192747579551]
dydx: [17.553980788758793, 10.094753520185268, 9.756995426394997, 8.6242074203653, 6.471311916642889, 2.9777759479369164, 0.0, -2.8133969611118914]

Segment 16:
x: [105, 106, 107, 108, 109, 110, 111, 112]
y: [618.5192747579551, 616.609184520149, 615.4884204477295, 611.7840563182909, 615.3750845063666, 617.0956652157822, 616.7120034246026, 616.066217835369]
dydx: [-2.8133969611118914, -1.4126449472610993, -1.7208737483226508, 0.0, 2.3264716761389757, 0.0, -0.4813519575597936, -0.7768474882605574]

Segment 17:
x: [112, 113, 114, 115, 116, 117, 118, 119]
y: [616.066217835369, 614.8894968102289, 615.674575893363, 615.3539664774698, 613.9484191462218, 618.6090431766235, 615.2444442785885, 613.9319011412316]
dydx: [-0.7768474882605574, 0.0, 0.0, -0.5221214233619788, 0.0, 0.0, -1.8884101274484262, -0.2865152570178682]

Segment 18:
x: [119, 120, 121, 122, 123, 124, 125, 126]
y: [613.9319011412316, 615.8160669316582, 618.0861553520145, 616.9966486608753, 619.0429302578758, 622.4673154188313, 622.5146874139449, 621.0757359874142]
dydx: [-0.2865152570178682, 2.0592013516057017, 0.0, 0.0, 2.5617558685014794, 0.09345121206323977, 0.0, -2.1821131373528715]

Segment 19:
x: [126, 127, 128, 129, 130, 131, 132, 133]
y: [621.0757359874142, 621.769274461506, 624.9264563831131, 619.9753820603979, 614.2181214695804, 605.6274506212039, 598.2348937213984, 593.276275848019]
dydx: [-2.1821131373528715, 1.1372558416796101, 0.0, -5.32382024106357, -6.894196690811775, -7.946708143647301, -5.935769746038043, -3.741648360166267]

Segment 20:
x: [133, 134, 135, 136, 137, 138, 139, 140]
y: [593.276275848019, 592.2857623850158, 589.6991866790609, 591.3374250907192, 584.1877287059623, 575.01432005566, 573.9944043698346, 570.4396010674889]
dydx: [-3.741648360166267, -1.4324708939652697, 0.0, 0.0, -8.03610422429975, -1.835731517297063, -1.5850589544237743, -4.822247110605815]

Segment 21:
x: [140, 141, 142, 143, 144, 145, 146, 147]
y: [570.4396010674889, 565.2255668406294, 567.9208177182039, 572.9137257726234, 576.2686416455962, 583.5676167576601, 585.4054206279361, 584.6166596174719]
dydx: [-4.822247110605815, 0.0, 3.5007444394317786, 4.013210300016067, 4.596902201137415, 2.9362830677916225, 0.0, -2.102043450834344]

