Segment 1:
x: [0, 1, 2, 3, 4, 5, 6, 7]
y: [586.2643853221373, 591.6493208595269, 594.0835390566712, 593.0931948297664, 588.892540193483, 584.7375096055003, 583.5766916340049, 582.3212139091287]
dydx: [6.860294207512368, 3.3528201441211074, 0.0, -1.6028106258181665, -4.177718053001873, -1.8146619959832666, -1.2062936734415002, -1.3028076015665422]

Segment 2:
x: [7, 8, 9, 10, 11, 12, 13, 14]
y: [582.3212139091287, 572.4018110752916, 570.9365846281606, 573.4845738910145, 579.078181419846, 584.2983460155741, 605.7216819135339, 635.2295276241417]
dydx: [-1.3028076015665422, -2.5532972595217944, 0.0, 3.501144133945978, 5.400437820968692, 8.394793289523994, 24.823947543254413, 33.5501006169319]

Segment 3:
x: [14, 15, 16, 17, 18, 19, 20, 21]
y: [635.2295276241417, 652.4384224621737, 645.1815425326799, 655.1185234529778, 628.8616853574646, 624.192643519916, 627.7361527540295, 627.0844874572064]
dydx: [33.5501006169319, 0.0, 0.0, 0.0, -7.928264343976097, 0.0, 0.0, -1.9549958904693767]

Segment 4:
x: [21, 22, 23, 24, 25, 26, 27, 28]
y: [627.0844874572064, 621.6791631418251, 611.390214665443, 600.3957046005283, 585.9425925569367, 568.2309838816217, 563.5197571468563, 558.6516025345942]
dydx: [-1.9549958904693767, -7.087311927989536, -10.630034339717731, -12.488780692754046, -15.91730684644846, -7.442716568247608, -4.788405289946506, -4.946618551010375]

Segment 5:
x: [28, 29, 30, 31, 32, 33, 34, 35]
y: [558.6516025345942, 551.2959277873151, 548.1543858566188, 543.4009907203633, 541.0258088696092, 534.3765647310697, 528.8178347658626, 521.9773156559744]
dydx: [-4.946618551010375, -4.402721474850664, -3.782928225286067, -3.167582500033552, -3.5000927522323733, -6.0552803151071615, -6.1333711942414855, -7.48141368222872]

Segment 6:
x: [35, 36, 37, 38, 39, 40, 41, 42]
y: [521.9773156559744, 518.3243613305493, 516.3753195644745, 516.9493827305605, 514.4603775065815, 516.8544017116224, 515.5333131443526, 514.3991322662399]
dydx: [-7.48141368222872, -2.541865589881538, 0.0, 0.0, 0.0, 0.0, -1.2205205372539127, -1.0407270335342107]

Segment 7:
x: [42, 43, 44, 45, 46, 47, 48, 49]
y: [514.3991322662399, 514.5891626108378, 514.5806195310975, 510.83813987518323, 507.65339962043237, 503.6311427744948, 500.0604108564579, 495.3472230603059]
dydx: [-1.0407270335342107, 0.0, -0.017047245180945823, -3.4411569912559203, -3.554835145134446, -3.7830691836329904, -4.063180397703717, -5.284415735209564]

Segment 8:
x: [49, 50, 51, 52, 53, 54, 55, 56]
y: [495.3472230603059, 490.66305503887025, 488.51427728997123, 486.7415101899505, 487.2937306011896, 484.50350775840036, 486.2652859648809, 484.784651392616]
dydx: [-5.284415735209564, -2.9460898285666617, -1.9427458541264153, 0.0, 0.0, 0.0, 0.0, -3.1018409616375777]

Segment 9:
x: [56, 57, 58, 59, 60, 61, 62, 63]
y: [484.784651392616, 490.0536163194664, 493.3696981514152, 492.4083531562037, 495.2010082208983, 497.31703875354606, 494.88550831901335, 494.55232178106286]
dydx: [-3.1018409616375777, 4.07040738577128, 0.0, 0.0, 2.4077090564718926, 0.0, -0.586065926795796, 0.0]

Segment 10:
x: [63, 64, 65, 66, 67, 68, 69, 70]
y: [494.55232178106286, 493.55128017957554, 494.4677978325342, 495.0803077799293, 491.56844790277495, 490.2806715018994, 490.9627081711894, 496.30451602701817]
dydx: [0.0, 0.0, 0.7342917541455795, 0.0, -1.884513746878086, 0.0, 1.2096291073862473, 7.6716934490982]

Segment 11:
x: [70, 71, 72, 73, 74, 75, 76, 77]
y: [496.30451602701817, 503.82895491614823, 510.67104996948194, 518.7904590256064, 528.5322806498879, 536.9343447146674, 553.3962235711929, 570.7327631288871]
dydx: [7.6716934490982, 7.167062884981372, 7.426227755240584, 8.856929976959734, 9.022478513984018, 11.125649798741359, 16.887891645844196, 17.77386990827858]

Segment 12:
x: [77, 78, 79, 80, 81, 82, 83, 84]
y: [570.7327631288871, 590.4138775374146, 600.1878281598592, 605.1074271488206, 621.3343383861544, 627.953309750354, 633.8219831109076, 636.674858807317]
dydx: [17.77386990827858, 13.061403206637767, 6.5449015210064285, 7.550172133640017, 9.402609886659619, 6.221282199412175, 3.839362822163357, 1.3449768643374118]

Segment 13:
x: [84, 85, 86, 87, 88, 89, 90, 91]
y: [636.674858807317, 638.1987273237725, 633.8439976472621, 636.0513455113801, 633.6750055542481, 635.27459640573, 638.8172444123998, 643.1469294037256]
dydx: [1.3449768643374118, 0.0, 0.0, 0.0, 0.0, 2.2040156040229175, 3.896824463074386, 4.72320348365389]

Segment 14:
x: [91, 92, 93, 94, 95, 96, 97, 98]
y: [643.1469294037256, 647.7360423937192, 650.8031925156974, 654.1306870385826, 656.4971027488773, 658.5816378807243, 659.0924978170682, 658.0080353820584]
dydx: [4.72320348365389, 3.6768586087438337, 3.1920226372382055, 2.7658445575730632, 2.2165496136059106, 0.8206114728454262, 0.0, -1.8821236206865706]

Segment 15:
x: [98, 99, 100, 101, 102, 103, 104, 105]
y: [658.0080353820584, 656.1244791002704, 650.9642501861924, 645.3592674201295, 640.6556353696792, 636.591946004664, 627.1768391300749, 616.8227199093119]
dydx: [-1.8821236206865706, -2.7597609286212514, -5.373418561885253, -5.114901866047689, -4.36030541931368, -5.677075162592179, -9.86231211940466, -10.823625393849909]

Segment 16:
x: [105, 106, 107, 108, 109, 110, 111, 112]
y: [616.8227199093119, 609.1858439466196, 601.0278654919056, 594.3072562085757, 587.4163159286658, 579.0729015073867, 567.5165264119034, 556.6166975971356]
dydx: [-10.823625393849909, -7.888831124180475, -7.369864223842535, -6.8047090451928645, -7.547936441716964, -9.690517233677003, -11.218504317420544, -10.571555674410094]

Segment 17:
x: [112, 113, 114, 115, 116, 117, 118, 119]
y: [556.6166975971356, 549.0415735099822, 540.6397924602952, 538.7376689306806, 541.6862684134798, 542.7170147984833, 538.0539405529015, 541.4385045584374]
dydx: [-10.571555674410094, -7.967066645181242, -3.1019746548086102, 0.0, 1.527516510846449, 0.0, 0.0, 7.4083831310948085]

Segment 18:
x: [119, 120, 121, 122, 123, 124, 125, 126]
y: [541.4385045584374, 538.8733785135682, 539.7937111094595, 542.8676066114904, 539.6114056457591, 538.82475312691, 540.1732867979232, 536.7532726698363]
dydx: [7.4083831310948085, 0.0, 1.4165471563100345, 0.0, -1.2671736442297892, 0.0, 0.0, -5.8042880276369715]

Segment 19:
x: [126, 127, 128, 129, 130, 131, 132, 133]
y: [536.7532726698363, 531.1442447898717, 526.7515068370956, 519.407131406199, 512.5289266712938, 507.8800823044547, 507.64427323108134, 506.66459530633864]
dydx: [-5.8042880276369715, -4.926927916237401, -5.497419278510965, -7.103650290568292, -5.547942592001548, -0.44885054623383375, -0.38012244309639565, -1.3516123504273878]

Segment 20:
x: [133, 134, 135, 136, 137, 138, 139, 140]
y: [506.66459530633864, 506.61219505625644, 506.1772236757132, 506.5849716723046, 506.8734949191733, 507.03877534800625, 507.1651613384799, 507.32627023201036]
dydx: [-1.3516123504273878, -0.09353276919223315, 0.0, 0.33792800431086434, 0.21016685639225108, 0.1432398748791283, 0.14165056991183975, 0.17847034505888362]

Segment 21:
x: [140, 141, 142, 143, 144, 145, 146, 147]
y: [507.32627023201036, 510.06404896467933, 511.76302273082354, 511.99445304993185, 512.5226488895432, 514.0044069504073, 513.9462665173155, 513.5439952100317]
dydx: [0.17847034505888362, 2.0967652559192147, 0.40736967338521896, 0.32184392364521713, 0.7787824814030797, 0.0, -0.10159700969748443, -0.5743367443798775]

