Segment 1:
x: [0, 1, 2, 3, 4, 5, 6, 7]
y: [0.0, 0.0, 0.0, 0.0, 0.0, 571.455764093352, 572.8968958888272, 573.0551523447546]
dydx: [0.0, 0.0, 0.0, 0.0, 0.0, 2.8750132083185496, 0.2851945552008838, 0.0]

Segment 2:
x: [7, 8, 9, 10, 11, 12, 13, 14]
y: [573.0551523447546, 572.2179016950533, 569.9753597002493, 566.2719439528553, 563.3314839937123, 560.072921289487, 559.6910651655643, 556.0226216373585]
dydx: [0.0, -1.2192832173177408, -2.793516435143545, -3.278130476329427, -3.091349613142055, -0.6836038283142316, -0.691710612459936, -5.311737230347319]

Segment 3:
x: [14, 15, 16, 17, 18, 19, 20, 21]
y: [556.0226216373585, 553.5400639067423, 553.087727003846, 560.9532782491401, 560.199597348015, 560.0149757588438, 560.0632361865734, 565.9805954184075]
dydx: [-5.311737230347319, -0.7652421060064892, 0.0, 0.0, -0.29659042181541273, 0.0, 0.09574002496123749, 8.851908633886353]

Segment 4:
x: [21, 22, 23, 24, 25, 26, 27, 28]
y: [565.9805954184075, 564.5586257561407, 561.2549613730887, 562.4175795734135, 560.281302288744, 555.1527912460252, 548.7179832331482, 541.5488271746168]
dydx: [8.851908633886353, -1.9881821071882344, 0.0, 0.0, -3.016170919511308, -5.707873975136052, -6.78216181825415, -7.536330081358527]

Segment 5:
x: [28, 29, 30, 31, 32, 33, 34, 35]
y: [541.5488271746168, 538.101303212509, 535.0103453441683, 535.0723326350823, 536.7866649205006, 537.2286684798123, 537.1175679716334, 533.2927580936217]
dydx: [-7.536330081358527, -3.259518522280364, 0.0, 0.11964830598654294, 0.7028042258350252, 0.0, -0.2159288598773093, -5.681664562928119]

Segment 6:
x: [35, 36, 37, 38, 39, 40, 41, 42]
y: [533.2927580936217, 531.2771238968144, 528.8969065957198, 521.7329324882243, 522.3781831675176, 526.234937754839, 532.9967183944419, 537.5912289257755]
dydx: [-5.681664562928119, -2.182806853329145, -3.573234103395566, 0.0, 1.1055400293692101, 4.911888116945766, 5.471341284156396, 3.5108754771988506]

Segment 7:
x: [42, 43, 44, 45, 46, 47, 48, 49]
y: [537.5912289257755, 544.5850571933942, 551.2137070504333, 554.7995649710336, 558.2875646771347, 559.6230166632504, 559.0444851641264, 556.7065120382085]
dydx: [3.5108754771988506, 6.8063443849312755, 4.654046403446594, 3.5362519386770517, 1.9314202493620714, 0.0, -0.9275425698523894, -3.217693939314813]

Segment 8:
x: [49, 50, 51, 52, 53, 54, 55, 56]
y: [556.7065120382085, 554.0203256655635, 547.0768216828153, 542.9349732804576, 532.1670851103789, 525.9209219499452, 517.0213772719926, 515.1563344099263]
dydx: [-3.217693939314813, -3.873758155976134, -5.188638101635824, -5.982528289125763, -7.906169447484574, -7.340430530579172, -3.083821319776511, 0.0]

Segment 9:
x: [56, 57, 58, 59, 60, 61, 62, 63]
y: [515.1563344099263, 513.874016131431, 513.9217760111073, 513.4632212769748, 517.2254047786239, 516.322646168673, 518.5449902492534, 519.6060364401008]
dydx: [0.0, 0.0, 0.0, 0.0, 0.0, 0.0, 1.4363261912368734, 0.48039724598089606]

Segment 10:
x: [63, 64, 65, 66, 67, 68, 69, 70]
y: [519.6060364401008, 522.3007837893753, 520.4585952602185, 517.9560894456667, 513.809539801045, 509.52581936066014, 508.49224071308385, 509.9769197192324]
dydx: [0.48039724598089606, 0.0, -2.1221688528635396, -3.1212747914974863, -4.2140190742709365, -1.6653424628275333, 0.0, 2.743807833010976]

Segment 11:
x: [70, 71, 72, 73, 74, 75, 76, 77]
y: [509.9769197192324, 512.9649560408202, 516.8568387190078, 524.4637152698717, 531.7427186424367, 538.7386154166697, 545.7370639674168, 548.6672885998373]
dydx: [2.743807833010976, 3.380588289531482, 5.149263584652109, 7.439329129785096, 7.134642721151539, 6.997172429840269, 4.130869443238986, 0.8961126732572211]

Segment 12:
x: [77, 78, 79, 80, 81, 82, 83, 84]
y: [548.6672885998373, 550.0996012527613, 554.8383220639041, 563.187656958244, 566.6674606840545, 573.6123670128947, 584.4224562801953, 593.6005989393462]
dydx: [0.8961126732572211, 2.19973844445859, 6.045996122469903, 4.912284420079627, 4.636466777840312, 8.45678129980742, 9.92749552021585, 8.362169355076048]

Segment 13:
x: [84, 85, 86, 87, 88, 89, 90, 91]
y: [593.6005989393462, 606.6794492913956, 604.1479382646734, 599.3987349156773, 604.410593131885, 599.8109912461783, 604.1324723820716, 604.9508632090267]
dydx: [8.362169355076048, 0.0, -3.3026046691863358, 0.0, 0.0, 0.0, 1.3761667784871143, 0.0]

Segment 14:
x: [91, 92, 93, 94, 95, 96, 97, 98]
y: [604.9508632090267, 603.8340305607045, 611.4936599884272, 631.0524770849865, 620.1890937982143, 622.6125362025168, 595.1845570919724, 591.361288940477]
dydx: [0.0, 0.0, 11.008217597620881, 0.0, 0.0, 0.0, -6.711061361099663, 0.0]

Segment 15:
x: [98, 99, 100, 101, 102, 103, 104, 105]
y: [591.361288940477, 610.1695739259437, 601.7092206113786, 600.3037088347319, 595.0571375803527, 601.193940600055, 624.2326657996311, 612.9974233770872]
dydx: [0.0, 0.0, -2.4105592582662156, -2.2170852801001986, 0.0, 9.691966315895426, 0.0, -28.372226233603953]

Segment 16:
x: [105, 106, 107, 108, 109, 110, 111, 112]
y: [612.9974233770872, 614.364320475349, 637.2320991841342, 637.5948053610803, 626.1201132990974, 619.7970821600378, 619.3403193709044, 612.5695253753395]
dydx: [-28.372226233603953, 2.5796012795551637, 0.7140862217479239, 0.0, -8.153271561700418, -0.8519802723928095, -0.85579313789959, -9.927809598780582]

Segment 17:
x: [112, 113, 114, 115, 116, 117, 118, 119]
y: [612.5695253753395, 609.2283688473384, 605.2577916098035, 590.554251665451, 583.2275850016125, 576.7444970677484, 567.1290779500146, 563.8003837030961]
dydx: [-9.927809598780582, -3.6287754676335124, -6.252669451047212, -9.78002048429734, -6.879111994021657, -7.7445203411006815, -4.9453816414052785, -0.1853318115107072]

Segment 18:
x: [119, 120, 121, 122, 123, 124, 125, 126]
y: [563.8003837030961, 559.9934710024431, 557.0157894695003, 560.5131781406225, 562.5768069936404, 568.5720377203146, 577.0011374496434, 582.1907279680428]
dydx: [-0.1853318115107072, -3.341621696439172, 0.0, 2.595680427409453, 3.07039252532481, 7.006827505735926, 6.424050365822048, 3.5698359129347637]

Segment 19:
x: [126, 127, 128, 129, 130, 131, 132, 133]
y: [582.1907279680428, 577.3328867375888, 576.1292160886011, 574.2136374960626, 564.639929725904, 559.862469554821, 548.4407913119534, 537.0890727577417]
dydx: [3.5698359129347637, -1.9293011456007307, -1.478385053026139, -3.1923983921713748, -6.374116413212782, -6.73697717716061, -11.386590940744023, -11.316738709883621]

Segment 20:
x: [133, 134, 135, 136, 137, 138, 139, 140]
y: [537.0890727577417, 530.7621101486037, 530.8024578079513, 528.6382507951766, 531.7245009117097, 538.89456515919, 547.6713932225662, 549.7544172366967]
dydx: [-11.316738709883621, 0.0, 0.0, 0.0, 4.315119610018768, 7.8924996641073415, 3.3669599720928263, 0.0]

Segment 21:
x: [140, 141, 142, 143, 144, 145, 146, 147]
y: [549.7544172366967, 550.7576711405902, 548.2190223193306, 545.2472652520398, 538.7259475655558, 526.2124291641903, 517.105598067089, 512.15166557902]
dydx: [0.0, 0.0, -2.7381821697102957, -4.082928329443796, -8.574240250280777, -10.541781345374288, -6.417094798872645, -2.8774831835527834]

Segment 22:
x: [147, 148, 149, 150, 151, 152, 153, 154]
y: [512.15166557902, 516.9581246062395, 517.5081186632393, 528.5797283938058, 550.5864559657587, 548.0329916803236, 550.7618361544235, 556.3385140190395]
dydx: [-2.8774831835527834, 0.9870426786606121, 1.0479310195977924, 14.731689618812966, 0.0, 0.0, 3.6645224596543438, 7.000594559874116]

