Segment 1:
x: [0, 1, 2, 3, 4, 5, 6, 7]
y: [551.0416508071858, 559.3732472500172, 563.0176277143282, 566.7591261669133, 569.1838349373003, 563.9633169964467, 563.7325633309274, 564.1544724183711]
dydx: [10.675204432091732, 5.070735781841591, 3.692300949223047, 2.942503806415909, 0.0, -0.44197161240426297, 0.0, 0.7482404639252422]

Segment 2:
x: [7, 8, 9, 10, 11, 12, 13, 14]
y: [564.1544724183711, 563.2800434619263, 565.0306316079854, 567.9593919092697, 567.437582848875, 569.6609100010091, 571.5129570280893, 574.2594241744127]
dydx: [0.7482404639252422, 0.0, 2.1913534004878286, 0.0, 0.0, 2.020774663263211, 2.2122738439041605, 3.1936772059450504]

Segment 3:
x: [14, 15, 16, 17, 18, 19, 20, 21]
y: [574.2594241744127, 576.8302163922534, 576.8689343927011, 581.5101917825942, 578.2571353355283, 580.5605587527067, 582.51473674256, 564.9731413243403]
dydx: [3.1936772059450504, 0.07628706225693693, 0.0767953635272254, 0.0, 0.0, 2.114476632654465, 0.0, -27.289482122256175]

Segment 4:
x: [21, 22, 23, 24, 25, 26, 27, 28]
y: [564.9731413243403, 557.0739305957561, 570.0785030822817, 587.5810900990765, 603.252334131364, 603.4139071379284, 551.3844062736426, 538.8230116197353]
dydx: [-27.289482122256175, 0.0, 14.921983250315805, 16.53636638654829, 0.31984832625643816, 0.0, -20.237003644515767, 0.0]

Segment 5:
x: [28, 29, 30, 31, 32, 33, 34, 35]
y: [538.8230116197353, 528.3109836000355, 520.6235138033484, 544.4348740302356, 574.1984903209718, 575.6391238666212, 570.0218178248748, 578.2757026107765]
dydx: [0.0, -8.880563487923098, 0.0, 26.456836203014998, 2.748245145651397, 0.0, 0.0, 15.189480199725779]

Segment 6:
x: [35, 36, 37, 38, 39, 40, 41, 42]
y: [578.2757026107765, 553.5188737492716, 535.4195565017202, 519.9566699625926, 509.2821854517551, 504.30757879014624, 502.74555615769054, 501.95949164511416]
dydx: [15.189480199725779, -20.910965650876683, -16.677551379724548, -12.630064633449498, -6.786510625019467, -2.377509215660642, -1.0458304853057705, -0.3980854526367352]

Segment 7:
x: [42, 43, 44, 45, 46, 47, 48, 49]
y: [501.95949164511416, 492.40858842502854, 487.48110226411865, 484.8551379290117, 482.0536290244987, 481.5426472588571, 484.2468536958924, 488.52516395359197]
dydx: [-0.3980854526367352, -6.500991540251794, -3.426090613053158, -2.7108977393136975, -0.8643163764274148, 0.0, 3.3138292808463437, 5.065362168031669]

Segment 8:
x: [49, 50, 51, 52, 53, 54, 55, 56]
y: [488.52516395359197, 489.7794121524988, 495.76601426469904, 494.68558367963425, 504.72951934867257, 518.4350863568085, 523.5330456031481, 537.1123929726311]
dydx: [5.065362168031669, 2.073978771603981, 0.0, 0.0, 11.592481342332675, 7.431629696459071, 7.412948869497884, 17.820041431054676]

Segment 9:
x: [56, 57, 58, 59, 60, 61, 62, 63]
y: [537.1123929726311, 551.669576715648, 565.660558107997, 572.6980202216731, 595.5675183266377, 646.6089725177065, 674.117079377594, 674.4689707032358]
dydx: [17.820041431054676, 14.268467756706766, 9.364554390684475, 10.76292777974556, 31.58645379704925, 35.74950024892287, 0.6948933825737857, 0.0]

Segment 10:
x: [63, 64, 65, 66, 67, 68, 69, 70]
y: [674.4689707032358, 684.5244456592844, 667.0232674111558, 665.0590375545984, 656.3288111690339, 657.9012896148721, 652.1907973960227, 650.460374866197]
dydx: [0.0, 0.0, -3.5320437830051215, -3.206927202804368, 0.0, 0.0, -2.656007957529989, 0.0]

Segment 11:
x: [70, 71, 72, 73, 74, 75, 76, 77]
y: [650.460374866197, 647.4552715136301, 644.8796254917618, 634.828434384577, 626.0272308456549, 621.5259706313846, 622.1050188287328, 628.2707473904793]
dydx: [0.0, -2.773850598200486, -4.100521789529149, -9.384757788444125, -5.956266156776855, 0.0, 1.05867225455719, 8.959068743945636]

Segment 12:
x: [77, 78, 79, 80, 81, 82, 83, 84]
y: [628.2707473904793, 629.0503641780037, 636.500934257658, 640.5544074130241, 620.9589093074063, 620.849807768547, 643.3015590981299, 642.0260114773054]
dydx: [8.959068743945636, 1.4115328374596148, 5.25044720244383, 0.0, -0.2169949186090521, 0.0, 0.0, -3.8266428624737046]

Segment 13:
x: [84, 85, 86, 87, 88, 89, 90, 91]
y: [642.0260114773054, 638.8227376875475, 648.0903384388649, 617.2098902876121, 625.0070756433595, 616.187945050544, 641.4875834085028, 624.4647659863454]
dydx: [-3.8266428624737046, 0.0, 0.0, 0.0, 0.0, 0.0, 0.0, -38.184045312215574]

Segment 14:
x: [91, 92, 93, 94, 95, 96, 97, 98]
y: [624.4647659863454, 623.8449421323472, 615.9663773002844, 620.7425590020367, 620.6408563898718, 609.1239962741698, 595.1730744696073, 590.3562868414134]
dydx: [-38.184045312215574, -1.1492348958321736, 0.0, 0.0, -0.2016247250437119, -12.617574267855579, -7.1610899338446945, -0.24972054000954813]

Segment 15:
x: [98, 99, 100, 101, 102, 103, 104, 105]
y: [590.3562868414134, 586.4368149255444, 582.7865443169177, 584.1725981375673, 582.8968085937763, 576.7487919696223, 580.3659745386753, 580.2090784026726]
dydx: [-0.24972054000954813, -3.780084484917821, 0.0, 0.0, -2.1130873157805388, 0.0, 0.0, -0.47068840800818634]

Segment 16:
x: [105, 106, 107, 108, 109, 110, 111, 112]
y: [580.2090784026726, 578.6728646475675, 636.9985397024069, 598.6845496880744, 598.8728520587874, 617.9346404122026, 644.4979035019684, 662.8618674937992]
dydx: [-0.47068840800818634, 0.0, 0.0, 0.0, 0.3729208333006885, 22.195845614498605, 21.715420183846877, 14.264314442863334]

Segment 17:
x: [112, 113, 114, 115, 116, 117, 118, 119]
y: [662.8618674937992, 673.8759914725243, 698.5839834161523, 658.432252298832, 667.237350716648, 684.3292578821844, 673.1445574048872, 688.4506531184389]
dydx: [14.264314442863334, 15.236325145127843, 0.0, 0.0, 11.622650677224772, 0.0, 0.0, 28.551493808976147]

Segment 18:
x: [119, 120, 121, 122, 123, 124, 125, 126]
y: [688.4506531184389, 682.5262921737913, 696.6260858133367, 694.4679247467498, 694.653940863257, 682.0257501573977, 701.6206151404479, 707.7189965160667]
dydx: [28.551493808976147, 0.0, 0.0, 0.0, 0.0, 0.0, 9.301818696030983, 0.0]

Segment 19:
x: [126, 127, 128, 129, 130, 131, 132, 133]
y: [707.7189965160667, 688.9995662049236, 678.5160468533913, 683.3429072554807, 678.8269195954482, 672.8437833974202, 671.5992979573876, 668.1602157202345]
dydx: [0.0, -13.440115617317348, 0.0, 0.0, -5.147052192901628, -2.060408321588818, -1.8276186301565107, -4.536380635713385]

Segment 20:
x: [133, 134, 135, 136, 137, 138, 139, 140]
y: [668.1602157202345, 670.5552596018412, 672.1734827242133, 672.292490460727, 671.2269109615379, 675.3237298234391, 684.0925406164396, 685.438129325895]
dydx: [-4.536380635713385, 1.9314515503051908, 0.2217103961544451, 0.0, 0.0, 5.584527211930163, 2.3331514234824433, 0.0]

Segment 21:
x: [140, 141, 142, 143, 144, 145, 146, 147]
y: [685.438129325895, 686.8487590415024, 686.9823227184962, 689.227922869906, 709.7705044718509, 688.6946759239945, 684.1809504563093, 684.8481840705689]
dydx: [0.0, 0.24402240366528707, 0.252131114048983, 4.048627034395558, 0.0, -7.435104497034132, 0.0, 2.0017008427786322]

