Segment 1:
x: [0, 1, 2, 3, 4, 5, 6, 7]
y: [0.0, 537.0170972122291, 537.8696859210914, 537.8427574521728, 529.4925425639566, 530.75218975226, 530.6788257609405, 545.1172383572602]
dydx: [805.0993514639126, 1.7024745046380036, 0.0, -0.05368381380027062, 0.0, 0.0, 0.0, 21.694300890139345]

Segment 2:
x: [7, 8, 9, 10, 11, 12, 13, 14]
y: [545.1172383572602, 552.8915514118238, 568.3640804870732, 575.0452471507597, 588.6509574593782, 594.8283450115252, 611.6106129213948, 611.3651652195108]
dydx: [21.694300890139345, 10.348784932174654, 9.332487606462106, 8.961657161308148, 8.496924606056227, 9.030673221968215, 0.0, -0.736343105652054]

Segment 3:
x: [14, 15, 16, 17, 18, 19, 20, 21]
y: [611.3651652195108, 616.8892154395528, 623.8044684682815, 620.7332063936519, 616.8532028342154, 610.9221534384176, 590.9988703671065, 596.1194517725246]
dydx: [-0.736343105652054, 6.141856059143811, 0.0, -3.4285865075061532, -4.691136185257653, -9.140903264297027, 0.0, 15.361744216254237]

Segment 4:
x: [21, 22, 23, 24, 25, 26, 27, 28]
y: [596.1194517725246, 586.007002715694, 580.1912382726556, 592.7720169418399, 595.8140945598163, 601.9342631188937, 615.8741747842937, 638.8490802187534]
dydx: [15.361744216254237, -7.384584800704244, 0.0, 4.89945045934961, 4.0640749947190935, 8.505909062795826, 17.35173989408737, 27.49240231898961]

Segment 5:
x: [28, 29, 30, 31, 32, 33, 34, 35]
y: [638.8490802187534, 646.6857576426286, 666.551501019575, 679.5324978070967, 688.8320234173568, 676.5030238415002, 678.3535066864644, 693.9152542963834]
dydx: [27.49240231898961, 11.239553665721223, 15.701841319208272, 10.836111462474586, 0.0, 0.0, 3.3076459749866776, 22.41737999239649]

Segment 6:
x: [35, 36, 37, 38, 39, 40, 41, 42]
y: [693.9152542963834, 693.3465196744487, 686.7192498309116, 672.8516230782982, 617.4994677959637, 629.2420804121568, 617.7558117491959, 621.8256382201539]
dydx: [22.41737999239649, -1.0475696136678938, -8.968525813034367, -22.17871847734408, 0.0, 0.0, 0.0, 11.84787403791745]

Segment 7:
x: [42, 43, 44, 45, 46, 47, 48, 49]
y: [621.8256382201539, 619.5943909458882, 619.8024314700145, 619.008117759169, 620.7212587512673, 616.3872047416713, 608.3609905145894, 605.3500992337546]
dydx: [11.84787403791745, 0.0, 0.0, 0.0, 0.0, -5.62868787095358, -4.379057247771959, -0.50322980771125]

Segment 8:
x: [49, 50, 51, 52, 53, 54, 55, 56]
y: [605.3500992337546, 601.3812458052552, 599.1665634763871, 598.1023851140814, 597.0311223106929, 597.0148688871715, 597.2234623903216, 598.7316711693328]
dydx: [-0.50322980771125, -2.842952607977552, -1.437582889755847, -1.0677088313396423, -0.032021017462369725, 0.0, 0.36649829274422546, 2.158016416941677]

Segment 9:
x: [56, 57, 58, 59, 60, 61, 62, 63]
y: [598.7316711693328, 602.2744555574717, 605.1138136083243, 606.6178643162914, 609.6632386104279, 614.2028662190344, 614.4427967737563, 614.1958947625961]
dydx: [2.158016416941677, 3.1523061326367743, 1.9664455839598987, 2.0136159453130063, 3.645316217838542, 0.45577240955905063, 0.0, -0.49031829410120054]

Segment 10:
x: [63, 64, 65, 66, 67, 68, 69, 70]
y: [614.1958947625961, 616.4404944291126, 623.3059347550509, 629.7445990625505, 628.7006487290645, 624.8451565056239, 624.6052523300397, 653.3040877268559]
dydx: [-0.49031829410120054, 3.3831168861724112, 6.645207144686218, 0.0, -1.643020545969356, -0.4517016636319583, 0.0, 43.168205183016426]

Segment 11:
x: [70, 71, 72, 73, 74, 75, 76, 77]
y: [653.3040877268559, 660.3557844427714, 677.6656505253658, 687.835072143491, 673.7789826371662, 683.9339423704664, 651.7137241256551, 588.4468323930466]
dydx: [43.168205183016426, 10.021025893711132, 12.811927897430717, 0.0, 0.0, 0.0, -42.69629816584752, -78.79022847650697]

Segment 12:
x: [77, 78, 79, 80, 81, 82, 83, 84]
y: [588.4468323930466, 567.0971932641295, 546.1918526418957, 543.378909349412, 540.6241839518153, 539.4473942784606, 542.1117498143483, 545.1763535460549]
dydx: [-78.79022847650697, -21.125154042447587, -4.958667152467188, -2.7835299695938645, -1.6491008388963313, 0.0, 2.8504981573392447, 3.2647278296160493]

Segment 13:
x: [84, 85, 86, 87, 88, 89, 90, 91]
y: [545.1763535460549, 548.0032917161002, 549.7100878174995, 554.1516644838717, 552.5573662051473, 549.2272151318105, 550.1070787534802, 546.3749389894541]
dydx: [3.2647278296160493, 2.1284913312719342, 2.4659746650259926, 0.0, -2.156283370806065, 0.0, 0.0, -6.03814145687403]

Segment 14:
x: [91, 92, 93, 94, 95, 96, 97, 98]
y: [546.3749389894541, 549.6554018664824, 550.5952596940159, 551.0995654040295, 551.2206235633864, 550.5749648442294, 549.6657056547964, 550.5557213767224]
dydx: [-6.03814145687403, 1.4611063607443286, 0.6564016563264656, 0.1952473559717933, 0.0, -0.7551152641407509, 0.0, 1.789653177605544]

Segment 15:
x: [98, 99, 100, 101, 102, 103, 104, 105]
y: [550.5557213767224, 556.531584625824, 552.3936256071812, 553.6591056168179, 551.6471085814652, 550.8191265686331, 550.5212509186588, 550.1041986977831]
dydx: [1.789653177605544, 0.0, 0.0, 0.0, -1.1731758064963835, -0.43812941615485046, -0.34753072703371674, -0.4766405063263619]

Segment 16:
x: [105, 106, 107, 108, 109, 110, 111, 112]
y: [550.1041986977831, 550.0330600434253, 548.3360290523458, 548.0226418445139, 547.0950318213321, 546.637191851654, 546.8804659699788, 545.9830200247959]
dydx: [-0.4766405063263619, -0.1365530750065991, -0.5290718161888015, -0.4684959931527664, -0.6130815938148081, 0.0, 0.0, -1.4678059769366882]

Segment 17:
x: [112, 113, 114, 115, 116, 117, 118, 119]
y: [545.9830200247959, 544.9810964082626, 543.875200662632, 543.1317969478647, 542.5176739582928, 543.7413622273385, 545.5212096857779, 544.665610953726]
dydx: [-1.4678059769366882, -1.051345371297386, -0.8891226359523668, -0.6726074858232411, 0.0, 1.450276376373763, 0.0, -2.1733218272975705]

Segment 18:
x: [119, 120, 121, 122, 123, 124, 125, 126]
y: [544.665610953726, 545.2123239544198, 547.3964808555901, 548.29616204548, 550.7797243013666, 558.7368288734804, 658.6190483062483, 682.6751264461313]
dydx: [-2.1733218272975705, 0.874524980197666, 1.2744150773982361, 1.3208710997909412, 3.7855751758012572, 14.739952651879891, 38.77372083558174, 0.0]

Segment 19:
x: [126, 127, 128, 129, 130, 131, 132, 133]
y: [682.6751264461313, 678.4453329497139, 668.7599630009881, 681.5537440867437, 637.7209066492475, 634.613587656986, 648.4991629791776, 620.4486431286022]
dydx: [0.0, -5.888125566188117, 0.0, 0.0, -5.803244753053001, 0.0, 0.0, -49.01856743695902]

Segment 20:
x: [133, 134, 135, 136, 137, 138, 139, 140]
y: [620.4486431286022, 625.24671532811, 622.4767084145378, 620.8846199306001, 618.2099688515966, 616.8941152945637, 613.5891060399066, 612.1518032695861]
dydx: [-49.01856743695902, 0.0, -2.0220080973211023, -1.9960352014068743, -1.7639118142333186, -1.882292706360067, -2.0033683708004726, -0.5034495281521458]

Segment 21:
x: [140, 141, 142, 143, 144, 145, 146, 147]
y: [612.1518032695861, 610.8989528098426, 610.8180935043903, 610.8800075212486, 611.8143387512761, 612.6543815320081, 613.3839942575811, 614.3340259399009]
dydx: [-0.5034495281521458, -0.15191403805256012, 0.0, 0.11613244772403711, 0.8846818087254332, 0.78094320745652, 0.8253594652068901, 1.0602411606932378]

Segment 22:
x: [147, 148, 149, 150, 151, 152, 153, 154]
y: [614.3340259399009, 616.0070784547893, 617.1143874190365, 622.8377725609329, 0.0, 0.0, 0.0, 0.0]
dydx: [1.0602411606932378, 1.3326224386968328, 1.8556110330752371, 0.0, 0.0, 0.0, 0.0, 0.0]

