Segment 1:
x: [0, 1, 2, 3, 4, 5, 6, 7]
y: [0.0, 0.0, 564.5163909948392, 556.534929365037, 556.068155780278, 555.78997998897, 558.5322019643198, 559.9446923834789]
dydx: [0.0, 0.0, 0.0, -0.8819677392831643, -0.34860116800827107, 0.0, 1.8645633678559286, 0.747624641063737]

Segment 2:
x: [7, 8, 9, 10, 11, 12, 13, 14]
y: [559.9446923834789, 561.1741552320049, 560.0128308882289, 565.1663996868454, 562.2266075167277, 531.917539181961, 511.50592062003676, 515.5090595951624]
dydx: [0.747624641063737, 0.0, 0.0, 0.0, -5.359724238430359, -24.394667330773707, 0.0, 12.009416925376911]

Segment 3:
x: [14, 15, 16, 17, 18, 19, 20, 21]
y: [515.5090595951624, 529.9370689642687, 543.560310555701, 544.5563181333291, 547.1875904988754, 550.5608788550792, 555.5212178574316, 554.0630592773649]
dydx: [12.009416925376911, 14.014081410864094, 1.8562994172972576, 1.445031679906127, 2.9564328995947107, 4.015695225988104, 0.0, -4.374475740199955]

Segment 4:
x: [21, 22, 23, 24, 25, 26, 27, 28]
y: [554.0630592773649, 548.0466750635763, 547.1621956975371, 548.3640306211522, 550.3181828006017, 553.9908789620608, 567.6198897130755, 589.0696176990687]
dydx: [-4.374475740199955, -1.5422323985118265, 0.0, 1.4883256861477283, 2.550986546480176, 5.786159218042168, 16.667564676094003, 25.360086603482387]

Segment 5:
x: [28, 29, 30, 31, 32, 33, 34, 35]
y: [589.0696176990687, 593.3165173875949, 612.4056863657438, 619.8115603343343, 642.3000877435005, 647.7179251722196, 642.9553148999742, 638.6706143697377]
dydx: [25.360086603482387, 6.948024274825376, 10.671579578224197, 11.142367269839353, 8.731999758617642, 0.0, -4.51103299185912, -4.045745659232012]

Segment 6:
x: [35, 36, 37, 38, 39, 40, 41, 42]
y: [638.6706143697377, 635.2414496891929, 631.3016067266182, 629.375765301682, 626.715611788547, 629.5072173278766, 632.171803108951, 632.7839352692018]
dydx: [-4.045745659232012, -3.6668086093705985, -2.5870852517141234, -2.2342082368017415, 0.0, 2.7266171545888884, 0.9955563338374805, 0.0]

Segment 7:
x: [42, 43, 44, 45, 46, 47, 48, 49]
y: [632.7839352692018, 600.8002266629667, 602.3166880355461, 624.9698788471792, 608.120924356805, 580.9524120247418, 560.6214499874463, 558.5237512465179]
dydx: [0.0, 0.0, 2.8426299699879083, 0.0, -20.799062776632358, -23.257604433167867, -3.8030120379640007, 0.0]

Segment 8:
x: [49, 50, 51, 52, 53, 54, 55, 56]
y: [558.5237512465179, 557.759699746187, 559.639768470297, 569.8738623250679, 578.5041542272354, 579.7092444809283, 583.6778020244544, 588.5433325216371]
dydx: [0.0, 0.0, 3.1765794210990532, 9.36401730317309, 2.114870676708751, 1.8487806686390518, 4.3715067517714, 5.314016974010996]

Segment 9:
x: [56, 57, 58, 59, 60, 61, 62, 63]
y: [588.5433325216371, 595.9560519225929, 606.7991124405263, 618.391396138103, 628.3150865918722, 636.2568911166264, 660.7238098563857, 698.9126249025538]
dydx: [5.314016974010996, 8.805601888731932, 11.20516203954476, 10.693286230763565, 8.822818493721737, 11.991307671597164, 29.825287425239665, 45.04976319937248]

Segment 10:
x: [63, 64, 65, 66, 67, 68, 69, 70]
y: [698.9126249025538, 726.057761549839, 745.4021730599412, 750.9769969553764, 762.0657742034937, 734.3953579005034, 716.4156423426685, 685.9029275437756]
dydx: [45.04976319937248, 22.590311784718814, 8.655296663370786, 7.4195223279070275, 0.0, -21.79648532062966, -22.62662147249215, -36.779214419421976]

Segment 11:
x: [70, 71, 72, 73, 74, 75, 76, 77]
y: [685.9029275437756, 688.5092819738129, 694.0497704226135, 707.0221087642891, 717.8970606428148, 704.9379104318626, 677.4951851953501, 648.3978013703278]
dydx: [-36.779214419421976, 3.5450485121327837, 7.764680299711056, 11.831411780125132, 0.0, -17.604846042372078, -28.24584255903644, -29.92471311927727]

Segment 12:
x: [77, 78, 79, 80, 81, 82, 83, 84]
y: [648.3978013703278, 628.8771976128379, 615.2627083905369, 604.8702977771462, 596.6438359347277, 590.2769981125604, 588.0307785478377, 590.8808982845367]
dydx: [-29.92471311927727, -16.041183263390487, -11.787224777718361, -9.18345292548899, -7.178163897782606, -3.320845325688084, 0.0, 5.398289387409761]

Segment 13:
x: [84, 85, 86, 87, 88, 89, 90, 91]
y: [590.8808982845367, 586.0199586783608, 586.9015318038349, 583.1430165160134, 578.2292405410288, 576.4246570009992, 575.3720644116687, 572.8231230017591]
dydx: [5.398289387409761, 0.0, 0.0, -4.259197843623566, -2.639727518014921, -1.3296283988543607, -1.4899189285868795, -3.297115820199167]

Segment 14:
x: [91, 92, 93, 94, 95, 96, 97, 98]
y: [572.8231230017591, 571.2913612670757, 567.1899269396743, 564.2303617209471, 564.2574545499817, 565.5512008098128, 570.4184303528153, 576.0863361578063]
dydx: [-3.297115820199167, -2.2304993793187418, -3.438171126615082, 0.0, 0.05307421097272496, 2.044143726097013, 5.237141748968913, 6.068243935985151]

Segment 15:
x: [98, 99, 100, 101, 102, 103, 104, 105]
y: [576.0863361578063, 577.0729847709379, 579.6806737018178, 600.2507464300764, 608.5555955113124, 618.3444529305435, 621.8963800169706, 631.9549540867214]
dydx: [6.068243935985151, 1.4316255140911385, 4.628604931721333, 11.832506472246996, 8.98599560486435, 5.212483238567149, 5.249964167993068, 13.311897561412593]

Segment 16:
x: [105, 106, 107, 108, 109, 110, 111, 112]
y: [631.9549540867214, 628.5312361611219, 632.0894618135611, 629.7335164740066, 625.4713669806517, 632.8608174080567, 629.3477501097357, 634.0897000321145]
dydx: [13.311897561412593, 0.0, 0.0, -3.0345262462610414, 0.0, 0.0, 0.0, 8.869458532728743]

Segment 17:
x: [112, 113, 114, 115, 116, 117, 118, 119]
y: [634.0897000321145, 636.1451615620724, 630.4497148098523, 629.2509325740875, 626.8457041174124, 619.5514841837089, 623.9540422477339, 633.6227978116991]
dydx: [8.869458532728743, 0.0, -1.980671197085104, -1.6000758004776972, -3.6175800205697355, 0.0, 6.050218039707148, 12.30185431393528]

Segment 18:
x: [119, 120, 121, 122, 123, 124, 125, 126]
y: [633.6227978116991, 630.1243308123263, 585.6204096018041, 573.9332974189327, 563.0347920134536, 556.3260417193545, 540.7150114909656, 540.311805397909]
dydx: [12.30185431393528, -6.4869897312986, -18.512644753253213, -11.279041168673835, -8.305138812290908, -9.3845460111379, -0.7861083576677439, 0.0]

Segment 19:
x: [126, 127, 128, 129, 130, 131, 132, 133]
y: [540.311805397909, 539.2046941030587, 539.0591158612494, 541.5373320540531, 547.5741563231676, 554.6152802547188, 559.1484775676629, 565.3770291098149]
dydx: [0.0, -0.25732044704594526, 0.0, 3.5139129928360857, 6.500412324567466, 5.51545156080662, 5.247335446050095, 7.076228656755915]

Segment 20:
x: [133, 134, 135, 136, 137, 138, 139, 140]
y: [565.3770291098149, 573.671695715889, 582.671164266442, 591.0192661292355, 597.8439984939268, 602.9852235272356, 608.7504736455678, 615.7000828300255]
dydx: [7.076228656755915, 8.632705895105866, 8.661556446339276, 7.509943114456772, 5.864551195017264, 5.435385460387934, 6.3022695287341595, 7.541788717520433]

Segment 21:
x: [140, 141, 142, 143, 144, 145, 146, 147]
y: [615.7000828300255, 620.331494250674, 639.6738042977173, 651.9111718962582, 670.9264427283266, 673.528148931608, 690.7258005679201, 695.964869453409]
dydx: [7.541788717520433, 7.473365849713951, 14.990587358558267, 14.891341713404076, 4.577156926240688, 4.519665466583102, 8.031448402072243, 0.0]

