Segment 1:
x: [0, 1, 2, 3, 4, 5, 6, 7]
y: [0.0, 0.0, 0.0, 0.0, 0.0, 0.0, 0.0, 0.0]
dydx: [0.0, 0.0, 0.0, 0.0, 0.0, 0.0, 0.0, 0.0]

Segment 2:
x: [7, 8, 9, 10, 11, 12, 13, 14]
y: [0.0, 0.0, 545.1417016688017, 545.9341078547911, 546.5092758072146, 547.2227142697058, 547.348653520755, 548.8772559093451]
dydx: [0.0, 0.0, 1.5825120666688783, 0.6665329954428212, 0.6368848313988523, 0.214086946046872, 0.23270618926584277, 2.2299339573605717]

Segment 3:
x: [14, 15, 16, 17, 18, 19, 20, 21]
y: [548.8772559093451, 549.1682478130147, 550.8398774209136, 551.8981581612308, 553.861926148562, 553.5040120355372, 552.306920799764, 551.0186044844463]
dydx: [2.2299339573605717, 0.49569484382568424, 1.296052392445337, 1.3753701721819886, 0.0, -0.5510667190858165, -1.2410296003917256, -1.333928855089994]

Segment 4:
x: [21, 22, 23, 24, 25, 26, 27, 28]
y: [551.0186044844463, 550.0471459021542, 549.8806392445099, 548.3023333707738, 547.2000160213744, 544.741347263794, 543.8075335584199, 542.7518172008977]
dydx: [-1.333928855089994, -0.2842869288104967, -0.3012340077225601, -1.298051835306622, -1.5221812983740173, -1.3535448497523588, -0.991030416707229, -1.1166676835962903]

Segment 5:
x: [28, 29, 30, 31, 32, 33, 34, 35]
y: [542.7518172008977, 540.7873198116893, 539.7297160685491, 539.4231134399301, 537.3387424707776, 535.6504039673109, 532.4166134270923, 530.7152160827426]
dydx: [-1.1166676835962903, -1.37497701183894, -0.4753886133311377, -0.5345718737796975, -1.8655683870007698, -2.2184436989524734, -2.229687203810468, -0.9352007464153189]

Segment 6:
x: [35, 36, 37, 38, 39, 40, 41, 42]
y: [530.7152160827426, 528.6336851676051, 525.6656226199564, 521.944972527574, 518.561432149087, 515.719949520993, 512.5570543022458, 507.5988629535186]
dydx: [-0.9352007464153189, -2.4469747897620477, -3.302017230046397, -3.544096930795454, -3.0889110600109375, -2.9935863624171333, -3.8621038158444967, -5.855839413717092]

Segment 7:
x: [42, 43, 44, 45, 46, 47, 48, 49]
y: [507.5988629535186, 503.6526591536075, 499.1835274856529, 496.461118023067, 495.2418123612668, 495.2468255903827, 502.31520795512085, 505.59124534702545]
dydx: [-5.855839413717092, -4.19142039856395, -3.3836436784635313, -1.6842664508823075, 0.0, 0.010019352036221452, 4.477058254000423, 1.379864905487807]

Segment 8:
x: [49, 50, 51, 52, 53, 54, 55, 56]
y: [505.59124534702545, 513.3317764205416, 512.2977825788562, 517.2566751920227, 516.6516073723039, 519.00092213271, 516.1968962190525, 506.0966702254268]
dydx: [1.379864905487807, 0.0, 0.0, 0.0, 0.0, 0.0, -4.389451728532792, -13.748326033609828]

Segment 9:
x: [56, 57, 58, 59, 60, 61, 62, 63]
y: [506.0966702254268, 506.85507076811706, 497.8110645160232, 489.9055538745608, 482.16287259032913, 459.0096480258805, 458.3057229057886, 449.12228384398054]
dydx: [-13.748326033609828, 0.0, -8.436522187197198, -7.823248791502818, -11.60464686698457, -1.3663104434143454, -1.3076191643215862, -13.423196032666198]

Segment 10:
x: [63, 64, 65, 66, 67, 68, 69, 70]
y: [449.12228384398054, 480.25813208044934, 464.4457762005677, 468.12576630483835, 463.52786533719853, 484.7702731330935, 479.55360485633537, 478.556181053347]
dydx: [-13.423196032666198, 0.0, 0.0, 0.0, 0.0, 0.0, -1.6746546542146052, 0.0]

Segment 11:
x: [70, 71, 72, 73, 74, 75, 76, 77]
y: [478.556181053347, 482.90075221533584, 474.6896317329726, 454.88056189453823, 434.6472279441184, 438.4107898167173, 437.92052681586756, 434.4091214349157]
dydx: [0.0, 0.0, -11.609818293504176, -20.01895427665584, 0.0, 0.0, -0.860397201874227, -5.021976571002966]

Segment 12:
x: [77, 78, 79, 80, 81, 82, 83, 84]
y: [434.4091214349157, 430.9839346545175, 433.345976200322, 436.6790301593153, 435.45937703397465, 436.13354801594943, 429.0638058469761, 429.27908958868665]
dydx: [-5.021976571002966, 0.0, 2.7647690609992215, 0.0, 0.0, 0.0, 0.0, 0.6458512251316506]

Segment 13:
x: [84, 85, 86, 87, 88, 89, 90, 91]
y: [429.27908958868665, 428.55863184233465, 433.8787553719496, 438.88757063687893, 439.67159153659594, 437.1005823056269, 437.5881867097683, 438.0436202564266]
dydx: [0.6458512251316506, 0.0, 5.159778071396887, 1.3558180272705587, 0.0, 0.0, 0.47097023604618576, 0.43934811791675094]

Segment 14:
x: [91, 92, 93, 94, 95, 96, 97, 98]
y: [438.0436202564266, 430.5619442945406, 431.3835227879694, 430.79487922226247, 429.8931333978045, 424.9740683520053, 427.69782102573583, 428.929041645824]
dydx: [0.43934811791675094, 0.0, 0.0, -0.7123063019276527, -1.5240991209496648, 0.0, 1.6958599751652381, 0.48495459326696255]

Segment 15:
x: [98, 99, 100, 101, 102, 103, 104, 105]
y: [428.929041645824, 428.9043185680641, 429.24265404852645, 428.1339307257738, 427.0540375810787, 433.2846792158113, 428.36857252298836, 432.46309048946716]
dydx: [0.48495459326696255, 0.0, 0.0, -1.0941183468297482, 0.0, 0.0, 0.0, 8.599830296129682]

Segment 16:
x: [105, 106, 107, 108, 109, 110, 111, 112]
y: [432.46309048946716, 431.8460196409074, 431.9670855034922, 433.7961194044935, 439.05803482329327, 434.08448794785875, 430.39848474789267, 436.338294496783]
dydx: [8.599830296129682, 0.0, 0.2270997320818202, 2.7145086648161394, 0.0, -4.234055935564265, 0.0, 10.752716223318572]

Segment 17:
x: [112, 113, 114, 115, 116, 117, 118, 119]
y: [436.338294496783, 435.5706479011597, 442.82150575660074, 431.4888551805438, 431.42028509795426, 443.1854362456535, 443.5881665941635, 446.48979267949335]
dydx: [10.752716223318572, 0.0, 0.0, -0.13631536643739936, 0.0, 0.778801704053782, 0.7072922718768166, 4.15107395373974]

Segment 18:
x: [119, 120, 121, 122, 123, 124, 125, 126]
y: [446.48979267949335, 450.314603175822, 449.9744932560698, 448.8420453061336, 456.007757905895, 461.2620283537324, 450.9421852992882, 455.7157887761511]
dydx: [4.15107395373974, 0.0, -0.5231125910967966, 0.0, 6.062905529955837, 0.0, 0.0, 12.320326742516414]

Segment 19:
x: [126, 127, 128, 129, 130, 131, 132, 133]
y: [455.7157887761511, 461.9710506262444, 467.8523851930152, 476.15350170535817, 482.9383009938698, 491.2769201285888, 489.27154375612605, 482.9395887997255]
dydx: [12.320326742516414, 6.062537877923798, 6.88479631828004, 7.466753778859905, 7.481887439615703, 0.0, -3.0460473166286737, -8.495244248369403]

Segment 20:
x: [133, 134, 135, 136, 137, 138, 139, 140]
y: [482.9395887997255, 486.47538755256375, 486.0232106710637, 477.32305851788385, 476.0767314405891, 478.9077225331264, 482.41799791884733, 482.7083792569516]
dydx: [-8.495244248369403, 0.0, -0.8596735659948941, -2.1803162614304616, 0.0, 3.134250353111924, 0.5363907017597032, 0.0]

Segment 21:
x: [140, 141, 142, 143, 144, 145, 146, 147]
y: [482.7083792569516, 483.2330755632176, 485.09635945502936, 489.25418754190997, 492.8974367338956, 496.70509170423463, 500.5856161283276, 505.6076409567676]
dydx: [0.0, 0.8188159820969365, 2.573349948190018, 3.8835671732108272, 3.7236382570030644, 3.843744364659509, 4.378092039112952, 5.592775030613524]

Segment 22:
x: [147, 148, 149, 150, 151, 152, 153, 154]
y: [505.6076409567676, 507.82887284874175, 512.9871520924358, 517.0093375682321, 519.0802679022366, 524.7342521988825, 529.7850394637641, 529.0575938665378]
dydx: [5.592775030613524, 3.1052827628165094, 4.519935861207587, 2.734123614529238, 3.03149177634945, 5.335391179008881, 0.0, -2.1823367916788357]

Segment 23:
x: [154, 155, 156, 157, 158, 159, 160, 161]
y: [529.0575938665378, 524.3761105980657, 523.5761344491027, 516.9698098426262, 506.7214041491726, 0.0, 0.0, 0.0]
dydx: [-2.1823367916788357, -1.3664517681677235, -1.4271367831253516, -8.033862720437266, -20.090482749304233, 0.0, 0.0, 0.0]

