Segment 1:
x: [0, 1, 2, 3, 4, 5, 6, 7]
y: [0.0, 0.0, 0.0, 0.0, 578.9922099155636, 581.3529468266519, 582.2358936163126, 583.8778144823253]
dydx: [0.0, 0.0, 0.0, 0.0, 4.702301032930965, 1.2852085894797405, 1.1483601956445866, 2.0214079041886635]

Segment 2:
x: [7, 8, 9, 10, 11, 12, 13, 14]
y: [583.8778144823253, 584.75493607907, 584.1865720717868, 583.4488139468443, 580.8392817941177, 577.6376099642923, 576.7599945891108, 581.6787204509046]
dydx: [2.0214079041886635, 0.0, -0.6420765010443975, -1.1503057029839505, -2.8754335960305926, -1.3776114712843124, 0.0, 7.816896480281571]

Segment 3:
x: [14, 15, 16, 17, 18, 19, 20, 21]
y: [581.6787204509046, 591.2250484841007, 601.4970165582893, 615.7617829902134, 631.3202605156641, 635.8372881271113, 629.8222891902315, 620.9080361750574]
dydx: [7.816896480281571, 9.895863524431116, 11.943498458442193, 14.883561845525767, 7.00137526755157, 0.0, -7.183109050815229, -10.363880054321157]

Segment 4:
x: [21, 22, 23, 24, 25, 26, 27, 28]
y: [620.9080361750574, 610.4069329836296, 599.9560801811004, 579.0812980620844, 569.2854238627203, 567.7539243718511, 565.2325247465984, 567.7741475643495]
dydx: [-10.363880054321157, -10.475917737650308, -13.928482264259475, -13.33435694719533, -2.648871090371201, -1.905560504573984, 0.0, 5.073134039252977]

Segment 5:
x: [28, 29, 30, 31, 32, 33, 34, 35]
y: [567.7741475643495, 569.4188137839678, 575.551015500162, 585.9912646389577, 605.1203279206695, 615.8879568858754, 621.5470204481436, 626.5957405398996]
dydx: [5.073134039252977, 2.5936984137448627, 7.726281917697261, 13.508071044245993, 13.779093296894874, 7.418985486835578, 5.336497043738854, 4.7435483564998435]

Segment 6:
x: [35, 36, 37, 38, 39, 40, 41, 42]
y: [626.5957405398996, 625.7824771720718, 625.7771770263001, 621.5425966858812, 613.0927334410486, 607.7914776227226, 605.9950957768132, 605.330130185436]
dydx: [4.7435483564998435, -0.010531655341695381, -0.010587040440988993, -5.641812277426284, -6.515089642520868, -2.6834505121468144, -0.9706326692514496, -0.09925746411101943]

Segment 7:
x: [42, 43, 44, 45, 46, 47, 48, 49]
y: [605.330130185436, 607.4703355661302, 601.7229774351556, 593.7730695094613, 582.2779690796431, 582.1222047493729, 572.1776013966384, 570.7213483808072]
dydx: [-0.09925746411101943, 0.0, -6.671545660017701, -9.399326381647656, -0.3073637290808188, -0.3067243747269189, -2.5404861100774365, 0.0]

Segment 8:
x: [49, 50, 51, 52, 53, 54, 55, 56]
y: [570.7213483808072, 562.7750801160817, 565.3101638140301, 563.4735033657719, 565.5423609365754, 571.094595030453, 577.5096980076249, 595.0747731371981]
dydx: [0.0, 0.0, 0.0, 0.0, 3.0144714288704724, 5.952561251367178, 9.397908994368887, 23.140061205773808]

Segment 9:
x: [56, 57, 58, 59, 60, 61, 62, 63]
y: [595.0747731371981, 608.4048309272871, 618.0068354279441, 622.9150558893334, 626.4794328885173, 630.7371117957015, 633.4673651917561, 643.5674737604251]
dydx: [23.140061205773808, 11.162997315431477, 6.495937186880194, 4.129724845517723, 3.8803028125438623, 3.3270334603161555, 4.298531217739205, 13.78503615497607]

Segment 10:
x: [63, 64, 65, 66, 67, 68, 69, 70]
y: [643.5674737604251, 651.7332246273841, 657.768382084172, 651.532100516748, 636.4449298029931, 633.9796827463653, 640.8443682862572, 643.5787308447545]
dydx: [13.78503615497607, 6.9406253616313975, 0.0, -8.824822865086974, -4.238003411437152, 0.0, 3.9109167750265152, 0.6692010677999747]

Segment 11:
x: [70, 71, 72, 73, 74, 75, 76, 77]
y: [643.5787308447545, 635.3908659040555, 614.9660120546782, 604.8683394955993, 601.3712140381045, 603.0386445651958, 600.754235184249, 597.8567503885346]
dydx: [0.6692010677999747, -11.689622784830892, -13.51418185231972, -5.195050007326464, 0.0, 0.0, -2.5546802859434394, -3.204022503098144]

Segment 12:
x: [77, 78, 79, 80, 81, 82, 83, 84]
y: [597.8567503885346, 595.2908829779168, 597.0652252898212, 597.9522462463503, 600.8210355900776, 607.8881496070015, 617.7875287219705, 623.9225195879609]
dydx: [-3.204022503098144, 0.0, 1.1827613564697008, 1.3550611262660313, 4.080969922261437, 8.246847519801634, 7.575302368777819, 4.25279674150113]

Segment 13:
x: [84, 85, 86, 87, 88, 89, 90, 91]
y: [623.9225195879609, 631.208448766973, 644.570465863593, 649.7429207692043, 648.2407614589454, 652.9433916570503, 649.6939760496973, 641.5851201092099]
dydx: [4.25279674150113, 9.42996547502803, 7.457933613857854, 0.0, 0.0, 0.0, -4.639621960051901, -10.53857610705461]

Segment 14:
x: [91, 92, 93, 94, 95, 96, 97, 98]
y: [641.5851201092099, 640.1172383531797, 640.7067038790188, 633.3451143785423, 612.2900309617643, 600.8116669970927, 588.8582000284083, 584.6060463077155]
dydx: [-10.53857610705461, 0.0, 0.0, -10.909009753812182, -14.857196529507783, -11.711098880533605, -6.272882726347898, -0.40149709669702816]

Segment 15:
x: [98, 99, 100, 101, 102, 103, 104, 105]
y: [584.6060463077155, 582.6938964431632, 590.1946644303264, 633.1892468414845, 663.1489358249586, 655.421802156899, 620.1442970673749, 610.3166657933425]
dydx: [-0.40149709669702816, 0.0, 12.773151778417377, 35.31264975685625, 0.0, -12.677422956114611, -15.372719838078604, 0.0]

Segment 16:
x: [105, 106, 107, 108, 109, 110, 111, 112]
y: [610.3166657933425, 597.8162235936046, 593.3999059856869, 590.2039813564587, 587.4569140205754, 603.1702232656446, 613.456098598583, 628.6003001200964]
dydx: [0.0, -6.526772694198396, -3.7082945534140745, -2.9545455246911527, 0.0, 12.433093005494282, 12.25095541462461, 17.573364615800926]

Segment 17:
x: [112, 113, 114, 115, 116, 117, 118, 119]
y: [628.6003001200964, 624.3044721208228, 629.1331799827401, 625.4701822265897, 619.249851147689, 617.1118369552303, 616.7115937413679, 613.659678279128]
dydx: [17.573364615800926, 0.0, 0.0, -4.6108065743434326, -3.1822461735464658, -0.6742623262258775, -0.7076780459132072, -4.377751586428644]

Segment 18:
x: [119, 120, 121, 122, 123, 124, 125, 126]
y: [613.659678279128, 612.0435330604449, 613.5557066019279, 609.5868981865167, 611.402065197393, 599.0331273792868, 597.2620886140589, 599.9943951584521]
dydx: [-4.377751586428644, 0.0, 0.0, 0.0, 0.0, -3.0984306418694536, 0.0, 4.983979199203702]

Segment 19:
x: [126, 127, 128, 129, 130, 131, 132, 133]
y: [599.9943951584521, 605.1383899314532, 604.5673036858399, 602.5246129761994, 609.6104819543337, 617.7519411805564, 637.8925929609911, 641.4185813649524]
dydx: [4.983979199203702, 0.0, -0.8926182978030489, 0.0, 7.5770762399841445, 11.595619239409658, 6.001333866803542, 0.0]

Segment 20:
x: [133, 134, 135, 136, 137, 138, 139, 140]
y: [641.4185813649524, 651.5023658841295, 658.1424772827809, 661.1822687656171, 660.0967928017753, 654.2038349129085, 650.0951112998401, 648.4045641955146]
dydx: [0.0, 8.007398856859933, 4.170404253395197, 0.0, -1.8332663973919692, -4.841692914160456, -2.3954704462109238, -0.48145884995415145]

Segment 21:
x: [140, 141, 142, 143, 144, 145, 146, 147]
y: [648.4045641955146, 647.7189114954646, 643.3894924717634, 641.8690282027134, 645.4354648963483, 640.0301052478927, 619.7980858978077, 605.5142304076596]
dydx: [-0.48145884995415145, -1.183822687595873, -2.2505498321445585, 0.0, 0.0, -8.53139792550149, -16.74541016318869, -11.309773560179622]

Segment 22:
x: [147, 148, 149, 150, 151, 152, 153, 154]
y: [605.5142304076596, 595.5503650772725, 596.7424181388692, 589.2764961597651, 580.5147593774922, 571.0638480616395, 567.3188960525397, 0.0]
dydx: [-11.309773560179622, 0.0, 0.0, -8.062092527307424, -9.0932847168587, -5.364288557490688, -7.440786338633514, -849.1058680742595]

