Segment 1:
x: [0, 1, 2, 3, 4, 5, 6, 7]
y: [0.0, 0.0, 0.0, 587.4918150522776, 588.1474160450101, 581.5291172181322, 582.4228849902348, 583.2938346014515]
dydx: [0.0, 0.0, 0.0, 1.3097404040656944, 0.0, 0.0, 0.8822111698889838, 0.8595405307737565]

Segment 2:
x: [7, 8, 9, 10, 11, 12, 13, 14]
y: [583.2938346014515, 582.4313584525469, 586.0370506656546, 584.3500255937204, 583.5659870222612, 580.468302627905, 573.87815723486, 566.8048853532636]
dydx: [0.8595405307737565, 0.0, 0.0, -1.0705452536210216, -1.2513536224872022, -4.214399094237176, -6.8231671722081435, -7.314835125872265]

Segment 3:
x: [14, 15, 16, 17, 18, 19, 20, 21]
y: [566.8048853532636, 560.2318537710871, 555.6040712938941, 551.3097337168036, 549.8801366215141, 539.1407913350118, 531.8877009594826, 540.0666695460275]
dydx: [-7.314835125872265, -5.431490999993413, -4.45482913690893, -2.1450882575668997, -2.5232984667372977, -8.658465524085717, 0.0, 15.89499806758198]

Segment 4:
x: [21, 22, 23, 24, 25, 26, 27, 28]
y: [540.0666695460275, 546.0328528303737, 551.1607271841867, 559.7766103768521, 564.9691152311946, 564.5207356179651, 564.5677421682628, 560.4257963386643]
dydx: [15.89499806758198, 5.515355923285644, 6.429270351969798, 6.479831700856204, 0.0, 0.0, 0.0, -6.236422019546637]

Segment 5:
x: [28, 29, 30, 31, 32, 33, 34, 35]
y: [560.4257963386643, 558.3773446631791, 556.9723814322451, 549.1410812163587, 539.4068254861735, 532.1898373844168, 528.1176297738282, 527.0427561070021]
dydx: [-6.236422019546637, -1.6667555810060388, -2.382497839537768, -8.679700117130848, -8.288714206543906, -5.206584175232731, -1.7008119711173528, 0.0]

Segment 6:
x: [35, 36, 37, 38, 39, 40, 41, 42]
y: [527.0427561070021, 527.9052766927626, 530.4109596030239, 539.0834707090858, 546.8761175100534, 552.2731717608553, 549.5925301970345, 548.0065901218212]
dydx: [0.0, 1.283297220041079, 3.888027499930289, 8.209069880606057, 6.3772995880779275, 0.0, -1.9928538783607406, -1.038589330909588]

Segment 7:
x: [42, 43, 44, 45, 46, 47, 48, 49]
y: [548.0065901218212, 543.8891610415724, 546.1644681280103, 542.4672271608922, 535.7587825620285, 519.7826375533799, 510.1553239904306, 503.38574123186805]
dydx: [-1.038589330909588, 0.0, 0.0, -4.767150811791956, -9.449153416329787, -12.014576631926376, -7.949418552035803, -5.34071735636914]

Segment 8:
x: [49, 50, 51, 52, 53, 54, 55, 56]
y: [503.38574123186805, 505.1775319840535, 509.65572364108584, 512.7552401039615, 521.8422044579148, 535.3062152830432, 545.4978792194358, 554.2145886905415]
dydx: [-5.34071735636914, 2.5594911991421467, 3.6634371620670447, 4.622367365277012, 10.850704721867, 11.601501538131387, 9.39665952709081, 7.979232238462204]

Segment 9:
x: [56, 57, 58, 59, 60, 61, 62, 63]
y: [554.2145886905415, 556.9727331519283, 555.7084828114921, 556.0772479719585, 556.6920211987218, 550.6177350362315, 546.4780760368507, 548.6896376095368]
dydx: [7.979232238462204, 0.0, 0.0, 0.4610027438916281, 0.0, -4.923753354626569, 0.0, 5.387171858719626]

Segment 10:
x: [63, 64, 65, 66, 67, 68, 69, 70]
y: [548.6896376095368, 557.0640733337914, 560.481451433485, 570.0981586709344, 579.956083706129, 588.3318529889209, 594.6874004947507, 609.2228748424665]
dydx: [5.387171858719626, 4.853979831879146, 5.042766539324789, 9.73582224351998, 9.056607428194075, 7.227133913211371, 8.844076501791546, 18.625437768658742]

Segment 11:
x: [70, 71, 72, 73, 74, 75, 76, 77]
y: [609.2228748424665, 622.7175496801516, 627.6916401218697, 632.5163646155416, 648.0940471864875, 670.3787411398171, 667.9779691087452, 675.2403686670677]
dydx: [18.625437768658742, 7.2688923280736155, 4.898269055214395, 7.367564662017706, 18.337142063603615, 0.0, 0.0, 12.093985353019661]

Segment 12:
x: [77, 78, 79, 80, 81, 82, 83, 84]
y: [675.2403686670677, 676.6047265597963, 686.2456537253036, 693.2778535100407, 703.3634932416204, 711.4374910527731, 715.8238334067157, 717.5091780356544]
dydx: [12.093985353019661, 2.390428780695208, 8.13247882538948, 8.286587040583678, 8.96839850742931, 5.684486634467115, 2.435072344060549, 0.33484576643667197]

Segment 13:
x: [84, 85, 86, 87, 88, 89, 90, 91]
y: [717.5091780356544, 720.0083658717919, 716.7790904892813, 700.3826690316788, 686.1277988451384, 682.7054411008603, 673.7078363086171, 674.6595279872631]
dydx: [0.33484576643667197, 0.0, -5.395840015838981, -15.25083263149155, -5.519560597115245, -4.9586337076523925, 0.0, 2.855075035938171]

Segment 14:
x: [91, 92, 93, 94, 95, 96, 97, 98]
y: [674.6595279872631, 672.48109172648, 678.4939353432213, 679.3798208151833, 688.4075446000362, 701.5277462458605, 701.1930453932397, 699.4875822065243]
dydx: [2.855075035938171, 0.0, 1.5442527853348564, 1.6134445364363925, 10.695860145529915, 0.0, -0.5595824371973296, -2.390844353762702]

Segment 15:
x: [98, 99, 100, 101, 102, 103, 104, 105]
y: [699.4875822065243, 701.8155114904837, 701.7215267896934, 693.1114303492282, 688.0987791424234, 681.1196717630802, 673.6205374000621, 667.7975855202205]
dydx: [-2.390844353762702, 0.0, -0.18593975046886027, -6.3363737522734835, -5.834645648703371, -7.229781751536083, -6.555594632893959, -4.984860638253224]

Segment 16:
x: [105, 106, 107, 108, 109, 110, 111, 112]
y: [667.7975855202205, 660.4705371485967, 659.4847250335823, 653.1202657006818, 651.1176050699877, 646.7129694440604, 647.6803663619423, 646.9262970130303]
dydx: [-4.984860638253224, -1.7378116867601046, -1.707191675939926, -3.0466521807051303, -2.7534204779376363, 0.0, 0.0, -1.6148024823090168]

Segment 17:
x: [112, 113, 114, 115, 116, 117, 118, 119]
y: [646.9262970130303, 644.6822898872393, 638.6857023230542, 632.8650888839708, 620.9923403842985, 614.5058099261677, 607.55069881696, 599.8711954079192]
dydx: [-1.6148024823090168, -3.265877216562869, -5.907290255125963, -7.811593943000546, -8.389539147137251, -6.712653335316163, -7.299379072378914, -8.041699558957305]

Segment 18:
x: [119, 120, 121, 122, 123, 124, 125, 126]
y: [599.8711954079192, 595.3018934080463, 592.9713124473955, 592.6660384064458, 594.1626773482859, 597.5617390996267, 600.3423560798917, 604.845949361825]
dydx: [-8.041699558957305, -3.0867561972556605, -0.5398368781183535, 0.0, 2.0782186255225077, 3.0588932639517767, 3.4383323658127947, 5.365081432767397]

Segment 19:
x: [126, 127, 128, 129, 130, 131, 132, 133]
y: [604.845949361825, 608.3510436895097, 610.392481675364, 609.4358542261168, 607.1257557909684, 600.0987836642015, 590.1166856757131, 580.4805813878785]
dydx: [5.365081432767397, 2.580146405014833, 0.0, -1.3529776612615059, -3.4771071303858894, -8.247825878364978, -9.806050103229616, -9.463107437507801]

Segment 20:
x: [133, 134, 135, 136, 137, 138, 139, 140]
y: [580.4805813878785, 592.1179808534758, 591.8486004828278, 594.1106318508995, 608.1978364401182, 612.1254376237843, 648.9820775004079, 665.6546864936427]
dydx: [-9.463107437507801, 0.0, 0.0, 3.8981269525377082, 6.142605378786879, 7.098731208036499, 22.95927398351467, 6.580593551540403]

Segment 21:
x: [140, 141, 142, 143, 144, 145, 146, 147]
y: [665.6546864936427, 690.0842859070273, 705.2066440054386, 724.1775165644167, 704.4038671157954, 695.3233569414946, 681.744285914071, 668.8008966375875]
dydx: [6.580593551540403, 18.680903488519515, 16.82940118870853, 0.0, -12.445680438991026, -10.883245504351107, -13.253612244643149, -12.62554840101359]

