landmark_0:
Frequency (Hz): [0.0, 0.006666666666666667, 0.013333333333333334, 0.02, 0.02666666666666667, 0.03333333333333333, 0.04, 0.04666666666666667, 0.05333333333333334, 0.060000000000000005, 0.06666666666666667, 0.07333333333333333, 0.08, 0.08666666666666667, 0.09333333333333334, 0.1, 0.10666666666666667, 0.11333333333333334, 0.12000000000000001, 0.12666666666666668, 0.13333333333333333, 0.14, 0.14666666666666667, 0.15333333333333335, 0.16, 0.16666666666666669, 0.17333333333333334, 0.18000000000000002, 0.18666666666666668, 0.19333333333333336, 0.2, 0.2066666666666667, 0.21333333333333335, 0.22, 0.22666666666666668, 0.23333333333333334, 0.24000000000000002, 0.24666666666666667, 0.25333333333333335, 0.26, 0.26666666666666666, 0.2733333333333334, 0.28, 0.2866666666666667, 0.29333333333333333, 0.30000000000000004, 0.3066666666666667, 0.31333333333333335, 0.32, 0.32666666666666666, 0.33333333333333337, 0.34, 0.3466666666666667, 0.35333333333333333, 0.36000000000000004, 0.3666666666666667, 0.37333333333333335, 0.38, 0.3866666666666667, 0.39333333333333337, 0.4, 0.4066666666666667, 0.4133333333333334, 0.42000000000000004, 0.4266666666666667, 0.43333333333333335, 0.44, 0.4466666666666667, 0.45333333333333337, 0.46, 0.4666666666666667, 0.4733333333333334, 0.48000000000000004, 0.4866666666666667, 0.49333333333333335]
Amplitude: [103521.05771693075, 1708.4202989118355, 415.0411964413604, 1568.9824434986665, 1350.1718738530758, 414.2657021547667, 314.8652010927642, 542.1149093785971, 688.9698957139774, 517.0741285255181, 880.2548939466245, 1107.1589800166178, 836.5320374476364, 790.4774827553772, 811.8275515427918, 687.1543092827983, 1026.7589831639611, 746.3515301602997, 724.8642318996644, 650.4315337422297, 567.8453105935162, 817.1613063000574, 690.1039039810437, 728.3813759958549, 647.1050713856594, 714.1445088083419, 716.1452392702582, 520.3332410169667, 597.237534331001, 594.6196072582109, 807.8413385103186, 715.8922540115567, 673.8005775385385, 677.085158275243, 587.7017176585437, 772.3026599597933, 707.4850534805275, 634.3405195685681, 643.6354668593958, 693.415889506888, 651.856077539901, 658.5407368363956, 735.3153661610213, 680.0953135839823, 613.369790233992, 656.9210492240046, 655.903709749509, 672.2100365178875, 663.3430728626581, 716.7347924903293, 655.7517184069912, 650.2006747663272, 685.8259257180723, 722.412518522072, 633.6799070649532, 729.0737729804575, 685.9278071978213, 632.7160137947617, 689.9452161913292, 696.2083852440028, 691.7203760512995, 656.9376787918025, 744.244338276146, 685.1501312863904, 672.132329545802, 701.9692491905399, 685.3035576550817, 679.5591718726387, 628.2134789172579, 741.5827454786948, 697.247441816325, 673.1196982904037, 645.7723308881765, 597.7286761012188, 717.0353533463584]

landmark_1:
Frequency (Hz): [0.0, 0.006666666666666667, 0.013333333333333334, 0.02, 0.02666666666666667, 0.03333333333333333, 0.04, 0.04666666666666667, 0.05333333333333334, 0.060000000000000005, 0.06666666666666667, 0.07333333333333333, 0.08, 0.08666666666666667, 0.09333333333333334, 0.1, 0.10666666666666667, 0.11333333333333334, 0.12000000000000001, 0.12666666666666668, 0.13333333333333333, 0.14, 0.14666666666666667, 0.15333333333333335, 0.16, 0.16666666666666669, 0.17333333333333334, 0.18000000000000002, 0.18666666666666668, 0.19333333333333336, 0.2, 0.2066666666666667, 0.21333333333333335, 0.22, 0.22666666666666668, 0.23333333333333334, 0.24000000000000002, 0.24666666666666667, 0.25333333333333335, 0.26, 0.26666666666666666, 0.2733333333333334, 0.28, 0.2866666666666667, 0.29333333333333333, 0.30000000000000004, 0.3066666666666667, 0.31333333333333335, 0.32, 0.32666666666666666, 0.33333333333333337, 0.34, 0.3466666666666667, 0.35333333333333333, 0.36000000000000004, 0.3666666666666667, 0.37333333333333335, 0.38, 0.3866666666666667, 0.39333333333333337, 0.4, 0.4066666666666667, 0.4133333333333334, 0.42000000000000004, 0.4266666666666667, 0.43333333333333335, 0.44, 0.4466666666666667, 0.45333333333333337, 0.46, 0.4666666666666667, 0.4733333333333334, 0.48000000000000004, 0.4866666666666667, 0.49333333333333335]
Amplitude: [104138.16638168626, 1716.4415008930732, 503.75015260348795, 1617.6855265795148, 1318.6910498129312, 394.7229104841223, 310.84592177060983, 546.1575266155846, 693.9997927154526, 516.3500529121355, 880.2526904723783, 1086.1302535883776, 841.1544881042981, 779.0464056339476, 807.1983559352333, 695.5691936965063, 1006.9154373176932, 763.0985852920086, 722.9752488910863, 653.391716347696, 578.6414189583534, 818.531008701123, 703.104477249319, 725.100423820422, 655.8402791065733, 712.5853268155298, 721.692416221974, 531.0362589369638, 604.8939591148236, 603.7951360083491, 804.5021262211578, 724.1420729624849, 674.2888936849633, 682.9968090031795, 592.2744863893113, 773.4972984117684, 715.3299002304004, 643.3004507180426, 652.6529886640831, 700.904585571195, 659.8933332725778, 664.5364088661095, 734.6068315297476, 687.124385972738, 619.1600204017532, 665.6017673325656, 660.3502749997022, 680.246569476351, 670.8345762548829, 723.0282347859802, 665.8338963946745, 653.2107440022415, 697.7163286262145, 721.195824901027, 638.1549014752709, 733.3173633522263, 689.2321232145272, 641.9262715387549, 695.1035771693943, 698.7370410929599, 699.503535977974, 663.7637357114932, 752.803836764356, 691.7659427489052, 678.9341379733096, 705.7363752417319, 693.2393388995614, 686.4135085787674, 632.2349473954333, 751.2846890489963, 704.430856254443, 681.2868196647564, 655.5871934041311, 607.6072520679378, 728.1376472148055]

landmark_2:
Frequency (Hz): [0.0, 0.006666666666666667, 0.013333333333333334, 0.02, 0.02666666666666667, 0.03333333333333333, 0.04, 0.04666666666666667, 0.05333333333333334, 0.060000000000000005, 0.06666666666666667, 0.07333333333333333, 0.08, 0.08666666666666667, 0.09333333333333334, 0.1, 0.10666666666666667, 0.11333333333333334, 0.12000000000000001, 0.12666666666666668, 0.13333333333333333, 0.14, 0.14666666666666667, 0.15333333333333335, 0.16, 0.16666666666666669, 0.17333333333333334, 0.18000000000000002, 0.18666666666666668, 0.19333333333333336, 0.2, 0.2066666666666667, 0.21333333333333335, 0.22, 0.22666666666666668, 0.23333333333333334, 0.24000000000000002, 0.24666666666666667, 0.25333333333333335, 0.26, 0.26666666666666666, 0.2733333333333334, 0.28, 0.2866666666666667, 0.29333333333333333, 0.30000000000000004, 0.3066666666666667, 0.31333333333333335, 0.32, 0.32666666666666666, 0.33333333333333337, 0.34, 0.3466666666666667, 0.35333333333333333, 0.36000000000000004, 0.3666666666666667, 0.37333333333333335, 0.38, 0.3866666666666667, 0.39333333333333337, 0.4, 0.4066666666666667, 0.4133333333333334, 0.42000000000000004, 0.4266666666666667, 0.43333333333333335, 0.44, 0.4466666666666667, 0.45333333333333337, 0.46, 0.4666666666666667, 0.4733333333333334, 0.48000000000000004, 0.4866666666666667, 0.49333333333333335]
Amplitude: [104380.40856951337, 1724.9564974728642, 512.7493212424807, 1624.4334425708462, 1319.6403910787342, 391.26969131065437, 312.8910490736088, 544.8683061416872, 695.8016023339727, 518.8264907185376, 883.0309989384323, 1085.8626122016692, 845.2628234597538, 779.356930316219, 807.2060156217484, 697.7084045703791, 1006.6396838279792, 763.067683298347, 726.6318347332405, 654.9481375802652, 580.638949972046, 819.6291337478971, 705.0648301880285, 726.2871715288567, 657.9544587962544, 715.064460658011, 722.2453808768632, 532.7883212658901, 606.6399103985576, 606.214531881391, 806.6118134209693, 725.72878776688, 676.13408973583, 684.9692202571472, 594.0771161493842, 774.7091182017489, 716.8826094121309, 645.0346488386211, 654.4106934793812, 702.9937949448569, 661.1242671090928, 666.2921952867914, 735.6664776055252, 688.8975923030854, 621.1367797074803, 667.8044577543668, 662.0216383037737, 682.1223071919487, 672.4024495530975, 724.1807534347388, 667.6761828568559, 654.993903951255, 699.6607563232197, 722.5985078113066, 639.6596349535122, 734.8166188944724, 691.273224942661, 643.7127030194957, 696.7441543057429, 700.4893024579602, 701.1664015146196, 665.721065668366, 754.4114856969079, 693.55428161627, 680.7703916875713, 707.2273045377628, 695.0637431662785, 688.0509427600228, 634.1550978099901, 752.7379623029409, 706.2051006058435, 683.2304814116501, 657.7859388734719, 609.4251071557732, 729.5744046151026]

landmark_3:
Frequency (Hz): [0.0, 0.006666666666666667, 0.013333333333333334, 0.02, 0.02666666666666667, 0.03333333333333333, 0.04, 0.04666666666666667, 0.05333333333333334, 0.060000000000000005, 0.06666666666666667, 0.07333333333333333, 0.08, 0.08666666666666667, 0.09333333333333334, 0.1, 0.10666666666666667, 0.11333333333333334, 0.12000000000000001, 0.12666666666666668, 0.13333333333333333, 0.14, 0.14666666666666667, 0.15333333333333335, 0.16, 0.16666666666666669, 0.17333333333333334, 0.18000000000000002, 0.18666666666666668, 0.19333333333333336, 0.2, 0.2066666666666667, 0.21333333333333335, 0.22, 0.22666666666666668, 0.23333333333333334, 0.24000000000000002, 0.24666666666666667, 0.25333333333333335, 0.26, 0.26666666666666666, 0.2733333333333334, 0.28, 0.2866666666666667, 0.29333333333333333, 0.30000000000000004, 0.3066666666666667, 0.31333333333333335, 0.32, 0.32666666666666666, 0.33333333333333337, 0.34, 0.3466666666666667, 0.35333333333333333, 0.36000000000000004, 0.3666666666666667, 0.37333333333333335, 0.38, 0.3866666666666667, 0.39333333333333337, 0.4, 0.4066666666666667, 0.4133333333333334, 0.42000000000000004, 0.4266666666666667, 0.43333333333333335, 0.44, 0.4466666666666667, 0.45333333333333337, 0.46, 0.4666666666666667, 0.4733333333333334, 0.48000000000000004, 0.4866666666666667, 0.49333333333333335]
Amplitude: [104612.08319307162, 1734.234305210833, 518.9934029617757, 1639.0905046059054, 1322.2905678318905, 389.1724617197412, 311.6084111226974, 544.2803447108072, 699.7440333180706, 520.9298892660128, 883.5856679451467, 1084.6574001454098, 849.5181956306789, 779.9308359133871, 807.8597971544442, 699.8156231632825, 1008.3025146774247, 764.3691265489971, 727.4912006032712, 654.2642283589547, 581.7711697603013, 819.7725542363003, 708.0685758608072, 727.7296583668877, 660.5021788802522, 716.3765408603147, 723.937855826001, 534.1317448917474, 608.4169228397509, 608.4099507038088, 808.0217337847864, 727.0340702153615, 677.0804938484987, 685.9684007137093, 595.7720115839036, 777.3879874902028, 718.7350952975967, 646.7522076119573, 655.6052825965043, 704.223119753413, 662.9518847870565, 668.5813872844565, 737.011223616458, 690.5644112812303, 622.6332465299029, 669.1203718644574, 663.2313578684035, 683.9161884070003, 673.9943196943456, 725.8911994867009, 669.1320459732835, 656.4476972695039, 701.4630854999982, 723.9480142310445, 641.1223093169813, 736.1027433975026, 693.2346068629403, 645.2481053650475, 698.4499959551197, 701.7248566590434, 702.5985132103078, 667.0026423352107, 755.8393789475746, 695.2046124694484, 682.3463429137872, 708.6617417313147, 696.9768091864694, 689.6015835543408, 636.0544436747791, 753.9861629218576, 707.6678285930767, 684.5262437732039, 659.4068439612171, 611.1233138724907, 731.0377227003316]

landmark_4:
Frequency (Hz): [0.0, 0.006666666666666667, 0.013333333333333334, 0.02, 0.02666666666666667, 0.03333333333333333, 0.04, 0.04666666666666667, 0.05333333333333334, 0.060000000000000005, 0.06666666666666667, 0.07333333333333333, 0.08, 0.08666666666666667, 0.09333333333333334, 0.1, 0.10666666666666667, 0.11333333333333334, 0.12000000000000001, 0.12666666666666668, 0.13333333333333333, 0.14, 0.14666666666666667, 0.15333333333333335, 0.16, 0.16666666666666669, 0.17333333333333334, 0.18000000000000002, 0.18666666666666668, 0.19333333333333336, 0.2, 0.2066666666666667, 0.21333333333333335, 0.22, 0.22666666666666668, 0.23333333333333334, 0.24000000000000002, 0.24666666666666667, 0.25333333333333335, 0.26, 0.26666666666666666, 0.2733333333333334, 0.28, 0.2866666666666667, 0.29333333333333333, 0.30000000000000004, 0.3066666666666667, 0.31333333333333335, 0.32, 0.32666666666666666, 0.33333333333333337, 0.34, 0.3466666666666667, 0.35333333333333333, 0.36000000000000004, 0.3666666666666667, 0.37333333333333335, 0.38, 0.3866666666666667, 0.39333333333333337, 0.4, 0.4066666666666667, 0.4133333333333334, 0.42000000000000004, 0.4266666666666667, 0.43333333333333335, 0.44, 0.4466666666666667, 0.45333333333333337, 0.46, 0.4666666666666667, 0.4733333333333334, 0.48000000000000004, 0.4866666666666667, 0.49333333333333335]
Amplitude: [103437.00327626812, 1645.5707098682049, 440.7015482503513, 1599.8032519094027, 1337.6002760802912, 408.45450506372873, 319.88632512203674, 542.1146238883987, 696.4661121208028, 518.6157416712655, 876.8647995100598, 1096.0988477480896, 824.4602416451145, 772.2192093635965, 811.4754286124187, 680.792229670211, 1012.1766388186359, 750.3813118756095, 720.9351464003436, 647.2494861462312, 573.0015407172881, 813.950410762498, 695.2568879869067, 725.2722522252726, 646.987668977231, 700.9160359151102, 713.8341873273524, 524.9769743179158, 597.058718523508, 595.2711505608601, 795.5034045167188, 715.6491468595036, 671.1790844616838, 674.5898525660019, 588.4176934761985, 766.2806647607151, 707.4867190906458, 634.6608388662479, 643.2219354222559, 694.7717450750002, 649.6723324395931, 659.3877824507116, 729.4977285031035, 679.0240688591292, 614.6262210316407, 657.0296425879004, 659.1705226604204, 673.0865795707028, 663.6106136155753, 720.8130588557495, 656.8511438604501, 650.912584462863, 690.0764092695637, 719.2266534225807, 633.3668138682195, 732.2447194489631, 681.1717705695909, 638.731730500561, 691.4213214437442, 694.5495302525379, 696.8172239428442, 657.3657500249749, 746.5327594449136, 687.426103942916, 670.8579742527417, 701.0548463077375, 687.4138270665611, 680.6083148747916, 625.3765443168553, 742.0624787927843, 697.9638298159216, 675.6214321116377, 646.543156623942, 601.4359376788793, 722.6283688411747]

landmark_5:
Frequency (Hz): [0.0, 0.006666666666666667, 0.013333333333333334, 0.02, 0.02666666666666667, 0.03333333333333333, 0.04, 0.04666666666666667, 0.05333333333333334, 0.060000000000000005, 0.06666666666666667, 0.07333333333333333, 0.08, 0.08666666666666667, 0.09333333333333334, 0.1, 0.10666666666666667, 0.11333333333333334, 0.12000000000000001, 0.12666666666666668, 0.13333333333333333, 0.14, 0.14666666666666667, 0.15333333333333335, 0.16, 0.16666666666666669, 0.17333333333333334, 0.18000000000000002, 0.18666666666666668, 0.19333333333333336, 0.2, 0.2066666666666667, 0.21333333333333335, 0.22, 0.22666666666666668, 0.23333333333333334, 0.24000000000000002, 0.24666666666666667, 0.25333333333333335, 0.26, 0.26666666666666666, 0.2733333333333334, 0.28, 0.2866666666666667, 0.29333333333333333, 0.30000000000000004, 0.3066666666666667, 0.31333333333333335, 0.32, 0.32666666666666666, 0.33333333333333337, 0.34, 0.3466666666666667, 0.35333333333333333, 0.36000000000000004, 0.3666666666666667, 0.37333333333333335, 0.38, 0.3866666666666667, 0.39333333333333337, 0.4, 0.4066666666666667, 0.4133333333333334, 0.42000000000000004, 0.4266666666666667, 0.43333333333333335, 0.44, 0.4466666666666667, 0.45333333333333337, 0.46, 0.4666666666666667, 0.4733333333333334, 0.48000000000000004, 0.4866666666666667, 0.49333333333333335]
Amplitude: [103255.74399024792, 1632.4437678239728, 461.59555027656853, 1609.5081986246628, 1338.7861448696508, 405.3570152151801, 319.1339825718003, 544.0105744515713, 693.0611894243534, 519.061563724883, 877.906238855899, 1098.272961863193, 824.8905365391212, 770.9189847421695, 810.3802186453529, 678.8863260672533, 1011.1688225053707, 749.3688298445281, 720.7839083818144, 646.1202052251275, 572.2713538385176, 812.6090638604483, 695.1508175092227, 724.0073572464594, 646.3342953016908, 699.7632945168216, 712.8946789641717, 523.0738960119295, 595.7064854839114, 593.6044254759798, 794.8189451635774, 714.8479593285424, 670.1114637907792, 673.6859227124386, 587.0433933450742, 764.8697586216796, 707.0179584219643, 634.041463149501, 642.3372066157992, 693.7191200358737, 647.5188533756309, 658.3294647941101, 728.474849286757, 678.431112571145, 613.2634395375177, 656.5393731203975, 658.1159072044231, 672.2961548204504, 662.2556212136528, 719.5339701681708, 655.6539916637793, 649.6942708113161, 689.2098113992298, 718.5206719272412, 632.5468379920571, 731.1725810334185, 680.2344450231462, 637.6825264769027, 690.3326247360964, 693.3851612716392, 696.0738821673395, 656.2050056181699, 745.6589189266999, 686.4629774896663, 670.4835593099464, 700.4274651370935, 685.9197569976474, 679.4772890034876, 624.1921745292934, 741.0645191677612, 697.1935802674008, 674.8196225501293, 645.8690414493616, 599.9216431091193, 721.5891405940415]

landmark_6:
Frequency (Hz): [0.0, 0.006666666666666667, 0.013333333333333334, 0.02, 0.02666666666666667, 0.03333333333333333, 0.04, 0.04666666666666667, 0.05333333333333334, 0.060000000000000005, 0.06666666666666667, 0.07333333333333333, 0.08, 0.08666666666666667, 0.09333333333333334, 0.1, 0.10666666666666667, 0.11333333333333334, 0.12000000000000001, 0.12666666666666668, 0.13333333333333333, 0.14, 0.14666666666666667, 0.15333333333333335, 0.16, 0.16666666666666669, 0.17333333333333334, 0.18000000000000002, 0.18666666666666668, 0.19333333333333336, 0.2, 0.2066666666666667, 0.21333333333333335, 0.22, 0.22666666666666668, 0.23333333333333334, 0.24000000000000002, 0.24666666666666667, 0.25333333333333335, 0.26, 0.26666666666666666, 0.2733333333333334, 0.28, 0.2866666666666667, 0.29333333333333333, 0.30000000000000004, 0.3066666666666667, 0.31333333333333335, 0.32, 0.32666666666666666, 0.33333333333333337, 0.34, 0.3466666666666667, 0.35333333333333333, 0.36000000000000004, 0.3666666666666667, 0.37333333333333335, 0.38, 0.3866666666666667, 0.39333333333333337, 0.4, 0.4066666666666667, 0.4133333333333334, 0.42000000000000004, 0.4266666666666667, 0.43333333333333335, 0.44, 0.4466666666666667, 0.45333333333333337, 0.46, 0.4666666666666667, 0.4733333333333334, 0.48000000000000004, 0.4866666666666667, 0.49333333333333335]
Amplitude: [103082.31204993287, 1619.5118869332518, 481.44505650452936, 1618.2453918969015, 1347.1065136296424, 400.90545926912904, 312.67092603533797, 545.454542223829, 695.051109010939, 519.7426377329052, 875.3944838446887, 1099.7937616803656, 823.9188984010055, 770.3095172434606, 809.4038819947848, 678.5996490533681, 1010.238187127398, 748.7433723411792, 719.0642980060551, 645.149969431977, 571.7102162258315, 811.6855270790057, 694.2082287042556, 723.1256860903064, 645.2666882831489, 699.3671399047922, 712.5018984489067, 521.994565158128, 593.9778786968229, 592.4571931287984, 793.8165046654384, 713.8760915855582, 669.1477117876641, 672.8902624329504, 586.202121122479, 764.5269292705694, 706.3254141265828, 633.1339776427517, 641.2568902381828, 692.2819198121822, 646.6902329070663, 657.9418060850131, 727.8121416993002, 677.706434156942, 611.7129126533094, 655.431008366829, 656.942934494425, 671.5022162659695, 661.2261989577272, 718.9444244110944, 654.7768156087009, 648.6490992352261, 688.3662226949208, 717.2955847899811, 631.5512569990832, 730.253535879101, 679.4537741306436, 637.0893219756806, 689.2200801267476, 692.1734538366355, 694.7100855247371, 655.0677789884533, 745.0325210022048, 685.9163033471265, 669.7667128142814, 699.6815856726028, 684.9450766923258, 678.2383695651365, 623.2399540010587, 740.4714225742263, 696.4768596914936, 673.6025620503264, 645.0829493548496, 598.4915885896179, 720.5606864072602]

landmark_7:
Frequency (Hz): [0.0, 0.006666666666666667, 0.013333333333333334, 0.02, 0.02666666666666667, 0.03333333333333333, 0.04, 0.04666666666666667, 0.05333333333333334, 0.060000000000000005, 0.06666666666666667, 0.07333333333333333, 0.08, 0.08666666666666667, 0.09333333333333334, 0.1, 0.10666666666666667, 0.11333333333333334, 0.12000000000000001, 0.12666666666666668, 0.13333333333333333, 0.14, 0.14666666666666667, 0.15333333333333335, 0.16, 0.16666666666666669, 0.17333333333333334, 0.18000000000000002, 0.18666666666666668, 0.19333333333333336, 0.2, 0.2066666666666667, 0.21333333333333335, 0.22, 0.22666666666666668, 0.23333333333333334, 0.24000000000000002, 0.24666666666666667, 0.25333333333333335, 0.26, 0.26666666666666666, 0.2733333333333334, 0.28, 0.2866666666666667, 0.29333333333333333, 0.30000000000000004, 0.3066666666666667, 0.31333333333333335, 0.32, 0.32666666666666666, 0.33333333333333337, 0.34, 0.3466666666666667, 0.35333333333333333, 0.36000000000000004, 0.3666666666666667, 0.37333333333333335, 0.38, 0.3866666666666667, 0.39333333333333337, 0.4, 0.4066666666666667, 0.4133333333333334, 0.42000000000000004, 0.4266666666666667, 0.43333333333333335, 0.44, 0.4466666666666667, 0.45333333333333337, 0.46, 0.4666666666666667, 0.4733333333333334, 0.48000000000000004, 0.4866666666666667, 0.49333333333333335]
Amplitude: [99520.0477658035, 1951.5127028293368, 362.9719728118272, 1491.654481873722, 975.1635575083772, 382.8337289887138, 310.2955282117731, 458.12443171578036, 581.8919307329295, 551.7226378682243, 817.0415715891413, 898.4934244592046, 787.613749878157, 709.6721312205165, 729.2264327190717, 656.1340759789255, 854.6347263002259, 722.7480544879895, 646.7079906353158, 616.7738399750822, 589.6497710752083, 736.2049311201298, 660.2464121109174, 669.6934703449247, 620.8008359767138, 661.5365966734305, 655.3359462386164, 539.2348208763528, 590.2616549284977, 574.5988988938143, 718.2843165621841, 674.5931283703294, 650.4155304155125, 648.9134172336184, 591.0004956797044, 706.2272149240707, 672.4158706739528, 632.8771376593046, 626.4049805268207, 671.927853478032, 632.3518695480087, 636.4018744421071, 685.1451141766021, 654.0915797068193, 617.2845341427673, 644.331785723984, 632.1691466172653, 656.4155146448599, 643.2431264498728, 676.9179167388367, 648.5752001360785, 632.5393433408327, 668.4233894424003, 671.0900862174466, 629.9864548981084, 678.1573719177675, 662.2736054670986, 625.7181138797247, 661.3134356490997, 652.4005888967052, 665.9729958814531, 649.0245129838062, 694.913475373881, 667.2422802800571, 649.7018413762986, 663.4152863863969, 654.0068261438322, 653.1654243347066, 614.4782743427007, 690.2986210939696, 658.1523937966301, 643.4634244017249, 632.2788710318271, 598.8563589879107, 677.7058459353042]

landmark_8:
Frequency (Hz): [0.0, 0.006666666666666667, 0.013333333333333334, 0.02, 0.02666666666666667, 0.03333333333333333, 0.04, 0.04666666666666667, 0.05333333333333334, 0.060000000000000005, 0.06666666666666667, 0.07333333333333333, 0.08, 0.08666666666666667, 0.09333333333333334, 0.1, 0.10666666666666667, 0.11333333333333334, 0.12000000000000001, 0.12666666666666668, 0.13333333333333333, 0.14, 0.14666666666666667, 0.15333333333333335, 0.16, 0.16666666666666669, 0.17333333333333334, 0.18000000000000002, 0.18666666666666668, 0.19333333333333336, 0.2, 0.2066666666666667, 0.21333333333333335, 0.22, 0.22666666666666668, 0.23333333333333334, 0.24000000000000002, 0.24666666666666667, 0.25333333333333335, 0.26, 0.26666666666666666, 0.2733333333333334, 0.28, 0.2866666666666667, 0.29333333333333333, 0.30000000000000004, 0.3066666666666667, 0.31333333333333335, 0.32, 0.32666666666666666, 0.33333333333333337, 0.34, 0.3466666666666667, 0.35333333333333333, 0.36000000000000004, 0.3666666666666667, 0.37333333333333335, 0.38, 0.3866666666666667, 0.39333333333333337, 0.4, 0.4066666666666667, 0.4133333333333334, 0.42000000000000004, 0.4266666666666667, 0.43333333333333335, 0.44, 0.4466666666666667, 0.45333333333333337, 0.46, 0.4666666666666667, 0.4733333333333334, 0.48000000000000004, 0.4866666666666667, 0.49333333333333335]
Amplitude: [97155.91827356975, 1764.9551318072454, 409.4097368898864, 1393.6697967880523, 1050.213159391538, 409.6143041235261, 375.00355592372574, 465.5303317626095, 590.0822308894966, 544.0830399017251, 796.9165253799154, 912.2419514277321, 731.0375895596192, 681.0144967632488, 736.3455031980915, 620.9399126725001, 875.0027768731952, 682.9836158338425, 639.9232436978737, 603.842820110119, 567.4869335519497, 727.5435953653251, 632.9064984493345, 671.4248566204286, 607.9407951785505, 628.5504549981456, 649.4325244505924, 525.8017937167114, 573.5652622238273, 560.5280441746469, 685.2070836253254, 652.0039822909378, 637.3042984080361, 624.4711759907021, 577.3555792198699, 683.9205852918805, 645.7073702870804, 605.4450806453485, 601.098644168441, 647.5140786824606, 603.0501648429236, 609.8915211954006, 663.0491304942295, 622.743345077945, 591.2263064287406, 611.986841471551, 618.3289461767299, 625.9757932855015, 619.5478757064091, 660.6624432970495, 611.4125903233509, 618.5465520008294, 630.4135863053451, 655.1589477200904, 604.1898778619562, 668.4442890209775, 630.0796503798865, 610.5288256841429, 642.3906199293705, 637.1002325114575, 649.7621317564559, 623.1758020004152, 674.3748939327719, 640.981252848906, 625.5294902543815, 637.818523120762, 630.6014767365183, 636.8401124611619, 590.3202717015336, 671.4204991009611, 641.262684647955, 629.0577646182606, 608.6727625841594, 580.5930252363033, 660.5855385717934]

landmark_9:
Frequency (Hz): [0.0, 0.006666666666666667, 0.013333333333333334, 0.02, 0.02666666666666667, 0.03333333333333333, 0.04, 0.04666666666666667, 0.05333333333333334, 0.060000000000000005, 0.06666666666666667, 0.07333333333333333, 0.08, 0.08666666666666667, 0.09333333333333334, 0.1, 0.10666666666666667, 0.11333333333333334, 0.12000000000000001, 0.12666666666666668, 0.13333333333333333, 0.14, 0.14666666666666667, 0.15333333333333335, 0.16, 0.16666666666666669, 0.17333333333333334, 0.18000000000000002, 0.18666666666666668, 0.19333333333333336, 0.2, 0.2066666666666667, 0.21333333333333335, 0.22, 0.22666666666666668, 0.23333333333333334, 0.24000000000000002, 0.24666666666666667, 0.25333333333333335, 0.26, 0.26666666666666666, 0.2733333333333334, 0.28, 0.2866666666666667, 0.29333333333333333, 0.30000000000000004, 0.3066666666666667, 0.31333333333333335, 0.32, 0.32666666666666666, 0.33333333333333337, 0.34, 0.3466666666666667, 0.35333333333333333, 0.36000000000000004, 0.3666666666666667, 0.37333333333333335, 0.38, 0.3866666666666667, 0.39333333333333337, 0.4, 0.4066666666666667, 0.4133333333333334, 0.42000000000000004, 0.4266666666666667, 0.43333333333333335, 0.44, 0.4466666666666667, 0.45333333333333337, 0.46, 0.4666666666666667, 0.4733333333333334, 0.48000000000000004, 0.4866666666666667, 0.49333333333333335]
Amplitude: [100593.49105243185, 1812.6741382263474, 355.7356316007504, 1506.1439633645045, 1197.960856321974, 396.4723590728235, 288.9227479208879, 512.3763061862729, 632.1437298093205, 512.2340325138639, 850.064516039701, 1021.8638608030664, 821.2961985185128, 753.1989735090473, 778.5081808917557, 662.7478637319875, 959.2764393777588, 730.7371600615147, 680.6680641401041, 631.6856141978578, 563.001219488359, 780.566337424691, 665.54161721316, 696.4881056796371, 632.2290528940189, 687.3205028957502, 689.0603374259277, 513.4190651396312, 584.3407217312939, 578.1000296609055, 764.5178342109523, 694.8942964208048, 660.0406515974815, 662.1804314100461, 582.4227555381402, 740.0491541861762, 686.0573218942505, 619.7160668730983, 629.7530942247652, 674.3990460720124, 635.2098229005671, 639.3902817324947, 708.4619965415095, 661.9545511440634, 602.640739072705, 642.5298884407126, 634.4101792574709, 652.7193149081382, 644.1652575192562, 687.4289787994448, 640.1580877969029, 629.6985863473025, 667.0871734390074, 693.2404200910297, 621.2326932872181, 701.2946667632041, 666.5376155736212, 618.860353808613, 666.0513076730035, 669.5331594869631, 670.2869567970199, 642.2712039366605, 717.2474927387619, 667.4416004292332, 656.6219346078468, 676.1662242381572, 664.524281913851, 661.8606098041151, 609.7256715569807, 714.2309698044066, 669.2822484991615, 651.850639782257, 630.4454215273853, 586.5590972518933, 691.1824175671733]

landmark_10:
Frequency (Hz): [0.0, 0.006666666666666667, 0.013333333333333334, 0.02, 0.02666666666666667, 0.03333333333333333, 0.04, 0.04666666666666667, 0.05333333333333334, 0.060000000000000005, 0.06666666666666667, 0.07333333333333333, 0.08, 0.08666666666666667, 0.09333333333333334, 0.1, 0.10666666666666667, 0.11333333333333334, 0.12000000000000001, 0.12666666666666668, 0.13333333333333333, 0.14, 0.14666666666666667, 0.15333333333333335, 0.16, 0.16666666666666669, 0.17333333333333334, 0.18000000000000002, 0.18666666666666668, 0.19333333333333336, 0.2, 0.2066666666666667, 0.21333333333333335, 0.22, 0.22666666666666668, 0.23333333333333334, 0.24000000000000002, 0.24666666666666667, 0.25333333333333335, 0.26, 0.26666666666666666, 0.2733333333333334, 0.28, 0.2866666666666667, 0.29333333333333333, 0.30000000000000004, 0.3066666666666667, 0.31333333333333335, 0.32, 0.32666666666666666, 0.33333333333333337, 0.34, 0.3466666666666667, 0.35333333333333333, 0.36000000000000004, 0.3666666666666667, 0.37333333333333335, 0.38, 0.3866666666666667, 0.39333333333333337, 0.4, 0.4066666666666667, 0.4133333333333334, 0.42000000000000004, 0.4266666666666667, 0.43333333333333335, 0.44, 0.4466666666666667, 0.45333333333333337, 0.46, 0.4666666666666667, 0.4733333333333334, 0.48000000000000004, 0.4866666666666667, 0.49333333333333335]
Amplitude: [99740.73967440079, 1723.1179677234766, 289.8764529111757, 1483.5006097873875, 1239.0526100696536, 415.12977435922573, 313.49584342242633, 514.4590964513822, 630.1088986290043, 512.9620446946624, 844.463036384431, 1033.6317653100855, 796.0704762398365, 744.5918869755665, 779.3163340899735, 649.2242818841514, 968.1777189707735, 711.5267244034115, 678.8977619105659, 626.1093164951012, 555.8371087296393, 774.9916918164386, 659.4928658313165, 699.4681183809903, 626.2481136494193, 676.6977202986862, 681.8039243456956, 507.09409033277507, 577.6017391065068, 569.3462113614285, 753.0167034060963, 685.308194893298, 654.9572521183978, 650.9894892696892, 577.0201484136676, 731.4014360408734, 677.3135228958945, 610.8852258475259, 617.6434121834277, 665.3894060810022, 620.8943493454052, 629.9600596255967, 700.969128814845, 648.9261726443598, 594.1485070465966, 632.195265495913, 632.8136711175487, 645.2130483202976, 636.3174600647546, 683.9038125726688, 627.8726614040912, 626.6015988332581, 654.0770943022887, 687.5739317551454, 612.6838535038329, 696.9074623864212, 655.7377508882224, 613.0197293878846, 661.5183868843179, 664.3563070484421, 664.7439970181213, 633.2012574212835, 706.6532914807628, 658.1369166336408, 644.4401292047341, 666.6744976304252, 654.4921916240374, 653.7161298375364, 602.2412437599378, 704.9089080526882, 663.589124505042, 645.7211296266482, 621.2534523412724, 579.8918765796917, 683.9197294458473]

landmark_11:
Frequency (Hz): [0.0, 0.006666666666666667, 0.013333333333333334, 0.02, 0.02666666666666667, 0.03333333333333333, 0.04, 0.04666666666666667, 0.05333333333333334, 0.060000000000000005, 0.06666666666666667, 0.07333333333333333, 0.08, 0.08666666666666667, 0.09333333333333334, 0.1, 0.10666666666666667, 0.11333333333333334, 0.12000000000000001, 0.12666666666666668, 0.13333333333333333, 0.14, 0.14666666666666667, 0.15333333333333335, 0.16, 0.16666666666666669, 0.17333333333333334, 0.18000000000000002, 0.18666666666666668, 0.19333333333333336, 0.2, 0.2066666666666667, 0.21333333333333335, 0.22, 0.22666666666666668, 0.23333333333333334, 0.24000000000000002, 0.24666666666666667, 0.25333333333333335, 0.26, 0.26666666666666666, 0.2733333333333334, 0.28, 0.2866666666666667, 0.29333333333333333, 0.30000000000000004, 0.3066666666666667, 0.31333333333333335, 0.32, 0.32666666666666666, 0.33333333333333337, 0.34, 0.3466666666666667, 0.35333333333333333, 0.36000000000000004, 0.3666666666666667, 0.37333333333333335, 0.38, 0.3866666666666667, 0.39333333333333337, 0.4, 0.4066666666666667, 0.4133333333333334, 0.42000000000000004, 0.4266666666666667, 0.43333333333333335, 0.44, 0.4466666666666667, 0.45333333333333337, 0.46, 0.4666666666666667, 0.4733333333333334, 0.48000000000000004, 0.4866666666666667, 0.49333333333333335]
Amplitude: [93644.48369650879, 2249.6479709251935, 561.9783664422956, 1297.8261828333552, 561.5157279953225, 492.54913941664216, 265.4245253322733, 402.03427284163087, 515.2189619829215, 558.7681267522138, 726.9597461846508, 713.9740901495669, 713.5821409430692, 668.7935543047132, 642.7915842587016, 605.6369662410913, 729.6073976713104, 627.2468268730947, 588.1221644865743, 581.5211600638435, 576.5495264297595, 664.328194159503, 596.1008318021894, 613.9624381223045, 603.6754967447949, 603.3974688664858, 607.6486818355218, 528.1056335807393, 579.762063866317, 561.9294170718534, 631.9652911088385, 617.6074665843425, 623.4093630454282, 601.39050518305, 579.2356893587631, 630.1128460247737, 604.6688971774548, 603.8675795002788, 595.3082321568668, 613.962160509869, 594.4763629424257, 598.4035935328266, 619.5521512179919, 609.6274540929579, 589.7837448128787, 605.110114619148, 593.1629912495175, 605.0684850212417, 608.7963197486683, 616.8419690162434, 608.6483619759172, 600.3342331879899, 610.8015604940156, 615.6388115686632, 601.220788324571, 618.2031155097918, 612.7994711417655, 595.5265725994609, 610.7115026537467, 608.4186393443691, 613.8822474428839, 607.8466609315627, 630.867025290165, 613.1965577915948, 606.1076200519591, 612.3949484985991, 602.5319035171746, 610.4792250489484, 587.4999405647699, 628.9346826270809, 605.7802456325095, 602.0591255376345, 604.4119845481521, 586.6958052485809, 621.1565303070275]

landmark_12:
Frequency (Hz): [0.0, 0.006666666666666667, 0.013333333333333334, 0.02, 0.02666666666666667, 0.03333333333333333, 0.04, 0.04666666666666667, 0.05333333333333334, 0.060000000000000005, 0.06666666666666667, 0.07333333333333333, 0.08, 0.08666666666666667, 0.09333333333333334, 0.1, 0.10666666666666667, 0.11333333333333334, 0.12000000000000001, 0.12666666666666668, 0.13333333333333333, 0.14, 0.14666666666666667, 0.15333333333333335, 0.16, 0.16666666666666669, 0.17333333333333334, 0.18000000000000002, 0.18666666666666668, 0.19333333333333336, 0.2, 0.2066666666666667, 0.21333333333333335, 0.22, 0.22666666666666668, 0.23333333333333334, 0.24000000000000002, 0.24666666666666667, 0.25333333333333335, 0.26, 0.26666666666666666, 0.2733333333333334, 0.28, 0.2866666666666667, 0.29333333333333333, 0.30000000000000004, 0.3066666666666667, 0.31333333333333335, 0.32, 0.32666666666666666, 0.33333333333333337, 0.34, 0.3466666666666667, 0.35333333333333333, 0.36000000000000004, 0.3666666666666667, 0.37333333333333335, 0.38, 0.3866666666666667, 0.39333333333333337, 0.4, 0.4066666666666667, 0.4133333333333334, 0.42000000000000004, 0.4266666666666667, 0.43333333333333335, 0.44, 0.4466666666666667, 0.45333333333333337, 0.46, 0.4666666666666667, 0.4733333333333334, 0.48000000000000004, 0.4866666666666667, 0.49333333333333335]
Amplitude: [87805.68886841212, 2351.9817599141866, 1120.5243059395248, 981.5242416647818, 522.414764133255, 527.577964422642, 355.281082856584, 430.2843334323821, 432.58219332814934, 506.0608839995127, 681.6396991332043, 701.0148027923713, 612.9627965965576, 594.7568589799508, 602.6740186547812, 518.1859638092592, 709.2779513928864, 559.4358621294155, 549.9461518709073, 549.1978517609043, 520.7385064419112, 619.3446251609957, 550.8135033708377, 572.6724519627929, 545.5584291690446, 550.8464314128584, 574.3846197992744, 502.98079320137566, 529.9889276746449, 530.902796009483, 572.4393861773158, 559.4803794807783, 571.6102084311977, 548.8024629247707, 535.5844510790668, 583.5981063090421, 575.4208029195938, 556.2786567198174, 534.7730446969076, 571.9018719169229, 543.394927012374, 549.024043277802, 578.3616559894856, 546.397702657433, 540.2765397039033, 552.9481916094492, 552.1826566263708, 553.2432982791593, 556.4691858248173, 571.5301922717497, 540.0695775905543, 557.7509770887975, 558.8128853681004, 572.8834291319581, 545.9469021882045, 575.2623566348999, 560.6790784684324, 548.0579215400403, 567.0368088069029, 555.5254510285642, 562.2075373309102, 555.2664900341074, 582.8853221758726, 561.8977501654441, 555.0292892742551, 556.5204396853087, 551.7404448535847, 559.2561811531357, 538.7537993757783, 580.7937044846788, 559.3475092896945, 552.8330207869824, 549.9988537985012, 532.898574907324, 569.4955818840999]

landmark_13:
Frequency (Hz): [0.0, 0.006666666666666667, 0.013333333333333334, 0.02, 0.02666666666666667, 0.03333333333333333, 0.04, 0.04666666666666667, 0.05333333333333334, 0.060000000000000005, 0.06666666666666667, 0.07333333333333333, 0.08, 0.08666666666666667, 0.09333333333333334, 0.1, 0.10666666666666667, 0.11333333333333334, 0.12000000000000001, 0.12666666666666668, 0.13333333333333333, 0.14, 0.14666666666666667, 0.15333333333333335, 0.16, 0.16666666666666669, 0.17333333333333334, 0.18000000000000002, 0.18666666666666668, 0.19333333333333336, 0.2, 0.2066666666666667, 0.21333333333333335, 0.22, 0.22666666666666668, 0.23333333333333334, 0.24000000000000002, 0.24666666666666667, 0.25333333333333335, 0.26, 0.26666666666666666, 0.2733333333333334, 0.28, 0.2866666666666667, 0.29333333333333333, 0.30000000000000004, 0.3066666666666667, 0.31333333333333335, 0.32, 0.32666666666666666, 0.33333333333333337, 0.34, 0.3466666666666667, 0.35333333333333333, 0.36000000000000004, 0.3666666666666667, 0.37333333333333335, 0.38, 0.3866666666666667, 0.39333333333333337, 0.4, 0.4066666666666667, 0.4133333333333334, 0.42000000000000004, 0.4266666666666667, 0.43333333333333335, 0.44, 0.4466666666666667, 0.45333333333333337, 0.46, 0.4666666666666667, 0.4733333333333334, 0.48000000000000004, 0.4866666666666667, 0.49333333333333335]
Amplitude: [94425.76086693059, 3442.3199553137983, 865.6805351979359, 1407.4958346861872, 628.8244577761936, 2038.7751826318342, 296.48688011347645, 770.9656815275799, 412.9299529795536, 886.1663966183397, 877.7658240396079, 608.2857401345849, 776.8238575181476, 724.7222058473687, 629.906212872176, 593.4547878187713, 722.9430645005065, 652.9632632554458, 588.5750733180219, 559.6218967781742, 627.2351622744069, 735.85820667858, 584.4402215015324, 587.3097549465601, 590.3477607750008, 619.6895128694831, 620.1926507845428, 550.4720774545463, 555.3411753595626, 598.3391482922098, 650.4238126343865, 586.3587953648828, 651.7350676078719, 614.2743392624062, 545.8451711009898, 615.9109250728771, 603.464149939381, 569.3380057923998, 583.4649953572894, 619.2610458392002, 585.68530180117, 579.9097403892309, 617.6933673724425, 595.3168746735071, 557.7675035430376, 593.1258724091311, 602.2756593092785, 593.7190329077633, 611.9038609246462, 612.5751707435339, 613.8287171987251, 606.2290558095527, 617.6664629796836, 605.7168563741503, 572.8806133382158, 603.7129895402203, 639.9311936021059, 566.7118294733817, 598.0820422504041, 617.7147974762413, 575.0393085707043, 605.15860222164, 640.030690763296, 574.6930585750933, 577.1029249035477, 643.734284886599, 604.5630773212432, 581.5383480275003, 576.9972848466053, 630.9393426414166, 608.9066272747739, 604.7425511341125, 600.4807440144547, 578.4136381941265, 611.0072357998464]

landmark_14:
Frequency (Hz): [0.0, 0.006666666666666667, 0.013333333333333334, 0.02, 0.02666666666666667, 0.03333333333333333, 0.04, 0.04666666666666667, 0.05333333333333334, 0.060000000000000005, 0.06666666666666667, 0.07333333333333333, 0.08, 0.08666666666666667, 0.09333333333333334, 0.1, 0.10666666666666667, 0.11333333333333334, 0.12000000000000001, 0.12666666666666668, 0.13333333333333333, 0.14, 0.14666666666666667, 0.15333333333333335, 0.16, 0.16666666666666669, 0.17333333333333334, 0.18000000000000002, 0.18666666666666668, 0.19333333333333336, 0.2, 0.2066666666666667, 0.21333333333333335, 0.22, 0.22666666666666668, 0.23333333333333334, 0.24000000000000002, 0.24666666666666667, 0.25333333333333335, 0.26, 0.26666666666666666, 0.2733333333333334, 0.28, 0.2866666666666667, 0.29333333333333333, 0.30000000000000004, 0.3066666666666667, 0.31333333333333335, 0.32, 0.32666666666666666, 0.33333333333333337, 0.34, 0.3466666666666667, 0.35333333333333333, 0.36000000000000004, 0.3666666666666667, 0.37333333333333335, 0.38, 0.3866666666666667, 0.39333333333333337, 0.4, 0.4066666666666667, 0.4133333333333334, 0.42000000000000004, 0.4266666666666667, 0.43333333333333335, 0.44, 0.4466666666666667, 0.45333333333333337, 0.46, 0.4666666666666667, 0.4733333333333334, 0.48000000000000004, 0.4866666666666667, 0.49333333333333335]
Amplitude: [81810.80667137919, 3440.80312777334, 1815.4585581041226, 747.5638653401032, 755.0352280885648, 1846.920844383948, 271.45528317669084, 939.0909932896664, 451.0740935604292, 440.9001380601259, 732.3586520450219, 583.4834985943205, 551.9393179239622, 658.9893247309486, 429.9265937967742, 430.7570406493732, 730.1146604628393, 525.9901667371987, 505.47239054401973, 463.48237944291344, 470.8169560390288, 632.2991604422268, 456.3932328630363, 491.5231069218149, 507.2641671298687, 489.05929506210947, 600.7515671392545, 460.80137022374964, 410.69553547605784, 541.1696563487717, 527.6304716084616, 464.7975952280003, 532.0973036371371, 499.311505162809, 486.3287571641715, 519.1464429048935, 531.1708456635545, 511.40068886210213, 471.40184730387784, 522.6461134741834, 480.56535825087985, 487.5032201472915, 566.1458332474831, 485.4533936000698, 453.54232013813447, 505.8832133880917, 519.567511342917, 501.1824004531429, 496.141457504467, 519.007251281719, 490.0063527103349, 511.2903710587317, 527.0925108279954, 522.5960879766426, 459.9183081242962, 528.5449874263572, 545.866396514611, 468.67057756476964, 515.8135650383807, 523.478189784147, 473.02377649256675, 514.3373707635743, 557.1100455006956, 471.06635904918863, 484.76811481672365, 534.7839053455427, 514.1690109614128, 496.10305944157597, 491.38648746390635, 524.877651322147, 516.6428943378983, 503.0960052082953, 500.10968736797537, 466.42982815757557, 507.9500728375969]

landmark_15:
Frequency (Hz): [0.0, 0.006666666666666667, 0.013333333333333334, 0.02, 0.02666666666666667, 0.03333333333333333, 0.04, 0.04666666666666667, 0.05333333333333334, 0.060000000000000005, 0.06666666666666667, 0.07333333333333333, 0.08, 0.08666666666666667, 0.09333333333333334, 0.1, 0.10666666666666667, 0.11333333333333334, 0.12000000000000001, 0.12666666666666668, 0.13333333333333333, 0.14, 0.14666666666666667, 0.15333333333333335, 0.16, 0.16666666666666669, 0.17333333333333334, 0.18000000000000002, 0.18666666666666668, 0.19333333333333336, 0.2, 0.2066666666666667, 0.21333333333333335, 0.22, 0.22666666666666668, 0.23333333333333334, 0.24000000000000002, 0.24666666666666667, 0.25333333333333335, 0.26, 0.26666666666666666, 0.2733333333333334, 0.28, 0.2866666666666667, 0.29333333333333333, 0.30000000000000004, 0.3066666666666667, 0.31333333333333335, 0.32, 0.32666666666666666, 0.33333333333333337, 0.34, 0.3466666666666667, 0.35333333333333333, 0.36000000000000004, 0.3666666666666667, 0.37333333333333335, 0.38, 0.3866666666666667, 0.39333333333333337, 0.4, 0.4066666666666667, 0.4133333333333334, 0.42000000000000004, 0.4266666666666667, 0.43333333333333335, 0.44, 0.4466666666666667, 0.45333333333333337, 0.46, 0.4666666666666667, 0.4733333333333334, 0.48000000000000004, 0.4866666666666667, 0.49333333333333335]
Amplitude: [100109.49851903049, 3860.366822563637, 547.4358226598494, 968.9598879822036, 1324.7680272632454, 4239.992163651982, 410.84597231290974, 1917.8677573139214, 454.042131921308, 1340.1559363726417, 938.9348049305942, 701.4067418238892, 1501.572243164714, 808.1517235472127, 511.1901338239589, 785.3729063575903, 726.6518235875932, 821.8310212029011, 725.4902253140508, 482.7988214938769, 747.7711483338928, 926.3360772225255, 587.5815706614408, 576.2602874053632, 635.802148109428, 699.9542592248027, 668.4062957176716, 473.9123306533666, 563.4772804262407, 715.2054348586723, 768.3003789597326, 578.8222556355712, 687.8849164694942, 684.2242843394368, 546.8262548937861, 692.2711051271696, 616.8926320424841, 567.1623399960803, 595.1008675314797, 658.6552103009276, 624.8106203757131, 616.0946895843118, 674.1377733287519, 616.6222826160134, 571.7929037028924, 675.709235748757, 643.7157678430684, 592.6932765389736, 622.1232627539648, 703.665461008877, 677.6362378326497, 663.7945048963667, 669.9387971924684, 652.5314444791488, 574.9395829528927, 671.5802071735498, 735.2056415558815, 569.5086958253564, 595.8821781272351, 664.8540314318298, 590.78887828522, 626.5780020339615, 743.2099140142258, 596.0840471509717, 575.1548973194724, 729.3285398002673, 683.6532042930833, 584.8158355856707, 553.8456326146913, 724.703664571782, 679.2219446907909, 633.9100765841264, 661.0910972439282, 621.3173811173466, 671.1851453293866]

landmark_16:
Frequency (Hz): [0.0, 0.006666666666666667, 0.013333333333333334, 0.02, 0.02666666666666667, 0.03333333333333333, 0.04, 0.04666666666666667, 0.05333333333333334, 0.060000000000000005, 0.06666666666666667, 0.07333333333333333, 0.08, 0.08666666666666667, 0.09333333333333334, 0.1, 0.10666666666666667, 0.11333333333333334, 0.12000000000000001, 0.12666666666666668, 0.13333333333333333, 0.14, 0.14666666666666667, 0.15333333333333335, 0.16, 0.16666666666666669, 0.17333333333333334, 0.18000000000000002, 0.18666666666666668, 0.19333333333333336, 0.2, 0.2066666666666667, 0.21333333333333335, 0.22, 0.22666666666666668, 0.23333333333333334, 0.24000000000000002, 0.24666666666666667, 0.25333333333333335, 0.26, 0.26666666666666666, 0.2733333333333334, 0.28, 0.2866666666666667, 0.29333333333333333, 0.30000000000000004, 0.3066666666666667, 0.31333333333333335, 0.32, 0.32666666666666666, 0.33333333333333337, 0.34, 0.3466666666666667, 0.35333333333333333, 0.36000000000000004, 0.3666666666666667, 0.37333333333333335, 0.38, 0.3866666666666667, 0.39333333333333337, 0.4, 0.4066666666666667, 0.4133333333333334, 0.42000000000000004, 0.4266666666666667, 0.43333333333333335, 0.44, 0.4466666666666667, 0.45333333333333337, 0.46, 0.4666666666666667, 0.4733333333333334, 0.48000000000000004, 0.4866666666666667, 0.49333333333333335]
Amplitude: [84069.52354807784, 5066.0986748237365, 4716.7499551140845, 2065.312771857329, 2656.51112471014, 4110.176367385159, 386.04378357995256, 1165.1442027495264, 482.09069436219534, 1217.8227933018413, 493.0079582657584, 792.9213959256047, 953.3739534388471, 637.3623272817252, 433.7997560563357, 399.48903790682874, 748.1388919114213, 636.652362397299, 554.4174472651824, 353.4424816541748, 446.9136414080262, 809.7103930035671, 380.05920535000655, 546.117286242776, 524.6562067786492, 487.5889845679344, 641.5117319483201, 308.8078138067248, 374.74328635838583, 597.3325525742441, 509.26993426179234, 440.405470322649, 544.9072600742722, 483.9745477782368, 478.57232249319134, 547.4437757167984, 540.9583906034936, 491.05278698253966, 464.15960135255153, 533.5591518741743, 444.11337223698126, 476.04227887873094, 609.8291540323573, 465.18431086172814, 412.8742129715939, 490.37697192085733, 520.2086179072714, 477.30131240323226, 465.231645001071, 557.2616888109735, 476.4647381165609, 458.2878220686284, 529.4177145895355, 545.6539046513012, 422.91855098694936, 544.7147400454496, 564.329496705972, 416.0618918080195, 526.5311035876867, 563.2222931119746, 461.41245272396424, 491.09074078425556, 580.710277247828, 426.548521227433, 450.7491819884005, 562.2043471621649, 503.3713608638669, 464.13657269184455, 460.877461485028, 537.0635391318482, 551.8000343626852, 493.8767834327627, 457.61259273539673, 434.51698456930666, 520.7324557866552]

landmark_17:
Frequency (Hz): [0.0, 0.006666666666666667, 0.013333333333333334, 0.02, 0.02666666666666667, 0.03333333333333333, 0.04, 0.04666666666666667, 0.05333333333333334, 0.060000000000000005, 0.06666666666666667, 0.07333333333333333, 0.08, 0.08666666666666667, 0.09333333333333334, 0.1, 0.10666666666666667, 0.11333333333333334, 0.12000000000000001, 0.12666666666666668, 0.13333333333333333, 0.14, 0.14666666666666667, 0.15333333333333335, 0.16, 0.16666666666666669, 0.17333333333333334, 0.18000000000000002, 0.18666666666666668, 0.19333333333333336, 0.2, 0.2066666666666667, 0.21333333333333335, 0.22, 0.22666666666666668, 0.23333333333333334, 0.24000000000000002, 0.24666666666666667, 0.25333333333333335, 0.26, 0.26666666666666666, 0.2733333333333334, 0.28, 0.2866666666666667, 0.29333333333333333, 0.30000000000000004, 0.3066666666666667, 0.31333333333333335, 0.32, 0.32666666666666666, 0.33333333333333337, 0.34, 0.3466666666666667, 0.35333333333333333, 0.36000000000000004, 0.3666666666666667, 0.37333333333333335, 0.38, 0.3866666666666667, 0.39333333333333337, 0.4, 0.4066666666666667, 0.4133333333333334, 0.42000000000000004, 0.4266666666666667, 0.43333333333333335, 0.44, 0.4466666666666667, 0.45333333333333337, 0.46, 0.4666666666666667, 0.4733333333333334, 0.48000000000000004, 0.4866666666666667, 0.49333333333333335]
Amplitude: [101629.76109350879, 3999.7310824639103, 422.148997035581, 1005.9104518636603, 1408.354604747929, 4673.8229750439195, 520.9760176597226, 2079.297292495659, 431.9517910462712, 1439.6948268046224, 955.7026490442007, 718.1908777586264, 1643.2435283587233, 869.6526397420984, 478.9632683084781, 838.4711294527848, 722.202305944077, 862.5149134130301, 760.9793030418219, 468.1060504169978, 786.0253208087734, 957.5385677625042, 595.2123295220564, 594.8495321661624, 644.125038929878, 740.9634029962789, 669.3525924787662, 453.1603016839072, 561.9374386700821, 752.6652051345073, 817.8314939249822, 570.3030664700165, 698.5516613114919, 706.3470415772625, 541.2742108317625, 726.8693716838205, 630.2213668924961, 578.2291612953884, 606.4824935601544, 648.9982025833427, 641.0158358395034, 637.563626853982, 691.673010664557, 631.775024656388, 569.4572110513739, 695.3090395173442, 657.6476549023931, 603.1659308986264, 628.6581794356847, 727.5234065590568, 694.7148555481776, 677.1623916128383, 690.3476271899656, 680.9330655647926, 578.718968049362, 676.5749479112727, 753.5282867381358, 575.5162656079839, 604.7146157002755, 683.5083028373889, 592.871645845915, 638.0466614667341, 759.7893364275089, 605.1296403401742, 588.1406384692806, 751.0866828270774, 705.9040163986936, 579.7712177081419, 556.595880230127, 758.9856630729707, 702.3832223324638, 642.6813024078492, 679.1725522267791, 635.4147758332086, 687.1825455037707]

landmark_18:
Frequency (Hz): [0.0, 0.006666666666666667, 0.013333333333333334, 0.02, 0.02666666666666667, 0.03333333333333333, 0.04, 0.04666666666666667, 0.05333333333333334, 0.060000000000000005, 0.06666666666666667, 0.07333333333333333, 0.08, 0.08666666666666667, 0.09333333333333334, 0.1, 0.10666666666666667, 0.11333333333333334, 0.12000000000000001, 0.12666666666666668, 0.13333333333333333, 0.14, 0.14666666666666667, 0.15333333333333335, 0.16, 0.16666666666666669, 0.17333333333333334, 0.18000000000000002, 0.18666666666666668, 0.19333333333333336, 0.2, 0.2066666666666667, 0.21333333333333335, 0.22, 0.22666666666666668, 0.23333333333333334, 0.24000000000000002, 0.24666666666666667, 0.25333333333333335, 0.26, 0.26666666666666666, 0.2733333333333334, 0.28, 0.2866666666666667, 0.29333333333333333, 0.30000000000000004, 0.3066666666666667, 0.31333333333333335, 0.32, 0.32666666666666666, 0.33333333333333337, 0.34, 0.3466666666666667, 0.35333333333333333, 0.36000000000000004, 0.3666666666666667, 0.37333333333333335, 0.38, 0.3866666666666667, 0.39333333333333337, 0.4, 0.4066666666666667, 0.4133333333333334, 0.42000000000000004, 0.4266666666666667, 0.43333333333333335, 0.44, 0.4466666666666667, 0.45333333333333337, 0.46, 0.4666666666666667, 0.4733333333333334, 0.48000000000000004, 0.4866666666666667, 0.49333333333333335]
Amplitude: [84467.10867953015, 5475.973612052249, 5464.510360098823, 2620.2128828922077, 3109.6042606358196, 4695.693687638329, 506.0429100258327, 1194.486923894768, 463.1108074508884, 1478.8871449996022, 457.59960947260964, 874.5635382383939, 1048.2611253157086, 638.8754724081243, 483.91066008295934, 371.0111744446409, 741.7669613532137, 681.297458777411, 563.8230106703771, 320.5612603016229, 464.5203853081107, 851.8552879016426, 346.79449475177336, 568.4816450807525, 546.3226239486655, 492.1378646810007, 646.3386325539143, 273.4757320914994, 374.8367405938232, 612.6634997840786, 524.6117321226103, 422.1541150871056, 520.9962956629389, 492.67400164929666, 472.0777469321981, 575.0363872678518, 544.4040943841654, 481.5132255139609, 462.26259974411425, 514.0594725872204, 432.45407196273703, 481.1984290360726, 624.3471894031251, 453.6218620768848, 401.9638834708564, 484.98401018312813, 512.8086714181478, 482.55102487060975, 453.57872051853394, 568.5678494697125, 465.7496055347933, 438.32109695519125, 527.8690645126057, 559.7438876991049, 417.1081491530822, 545.0667938466479, 553.6562581198169, 410.1342657970674, 526.072080907403, 577.4960375594293, 463.3979910131169, 478.8046850772806, 580.3870124913373, 410.33912734652023, 445.26749071945574, 567.3751953001462, 503.1803333740135, 447.1273562228156, 442.8678663952439, 549.9910034753784, 556.0882801198311, 493.7808271564399, 442.97794352546674, 418.6089986668852, 530.7274235744948]

landmark_19:
Frequency (Hz): [0.0, 0.006666666666666667, 0.013333333333333334, 0.02, 0.02666666666666667, 0.03333333333333333, 0.04, 0.04666666666666667, 0.05333333333333334, 0.060000000000000005, 0.06666666666666667, 0.07333333333333333, 0.08, 0.08666666666666667, 0.09333333333333334, 0.1, 0.10666666666666667, 0.11333333333333334, 0.12000000000000001, 0.12666666666666668, 0.13333333333333333, 0.14, 0.14666666666666667, 0.15333333333333335, 0.16, 0.16666666666666669, 0.17333333333333334, 0.18000000000000002, 0.18666666666666668, 0.19333333333333336, 0.2, 0.2066666666666667, 0.21333333333333335, 0.22, 0.22666666666666668, 0.23333333333333334, 0.24000000000000002, 0.24666666666666667, 0.25333333333333335, 0.26, 0.26666666666666666, 0.2733333333333334, 0.28, 0.2866666666666667, 0.29333333333333333, 0.30000000000000004, 0.3066666666666667, 0.31333333333333335, 0.32, 0.32666666666666666, 0.33333333333333337, 0.34, 0.3466666666666667, 0.35333333333333333, 0.36000000000000004, 0.3666666666666667, 0.37333333333333335, 0.38, 0.3866666666666667, 0.39333333333333337, 0.4, 0.4066666666666667, 0.4133333333333334, 0.42000000000000004, 0.4266666666666667, 0.43333333333333335, 0.44, 0.4466666666666667, 0.45333333333333337, 0.46, 0.4666666666666667, 0.4733333333333334, 0.48000000000000004, 0.4866666666666667, 0.49333333333333335]
Amplitude: [102685.55659985228, 3731.9840183678975, 835.6480368768842, 1276.5219884888947, 1151.3689804364008, 4539.148111579402, 463.2432209115256, 2119.717480632077, 365.6381366058946, 1502.7843470403652, 891.9944029009162, 771.8424629608264, 1742.4013692830863, 849.440060400624, 564.7626835101781, 820.3005505315052, 744.0869424733224, 901.6884199928132, 744.8853852402955, 525.2269053830029, 808.9601812912973, 964.2244917239526, 598.4884021720928, 626.7485987153419, 677.582626414868, 732.547313568639, 692.8067322144041, 452.31169476916523, 584.3706437906782, 774.582325108378, 825.6729765670542, 591.3900258444974, 721.9760071782697, 739.4893460342445, 549.11987684096, 726.8257417700619, 646.4252717345579, 589.9771653345618, 615.8188407792998, 669.0429535362172, 646.740875435014, 661.1265833912215, 694.1720666377175, 624.6795858634168, 597.8592640825706, 713.8638801508147, 666.3402211510788, 596.0608101169933, 634.8528497229253, 767.4291474049601, 718.045909377777, 687.9534935634342, 697.1878766161404, 689.2348875755212, 598.6777245071029, 696.4452962646465, 760.870847408329, 590.8212903746621, 620.7242280267188, 680.1016736928857, 606.3102977807207, 658.2671623665289, 776.5603744754271, 621.617917700762, 590.122482311863, 757.098427582671, 719.8741475810469, 601.4527312082282, 563.255374722438, 763.7875826899747, 712.2067711293407, 667.3721160046459, 690.1063401713382, 646.0302791851428, 707.4642231859959]

landmark_20:
Frequency (Hz): [0.0, 0.006666666666666667, 0.013333333333333334, 0.02, 0.02666666666666667, 0.03333333333333333, 0.04, 0.04666666666666667, 0.05333333333333334, 0.060000000000000005, 0.06666666666666667, 0.07333333333333333, 0.08, 0.08666666666666667, 0.09333333333333334, 0.1, 0.10666666666666667, 0.11333333333333334, 0.12000000000000001, 0.12666666666666668, 0.13333333333333333, 0.14, 0.14666666666666667, 0.15333333333333335, 0.16, 0.16666666666666669, 0.17333333333333334, 0.18000000000000002, 0.18666666666666668, 0.19333333333333336, 0.2, 0.2066666666666667, 0.21333333333333335, 0.22, 0.22666666666666668, 0.23333333333333334, 0.24000000000000002, 0.24666666666666667, 0.25333333333333335, 0.26, 0.26666666666666666, 0.2733333333333334, 0.28, 0.2866666666666667, 0.29333333333333333, 0.30000000000000004, 0.3066666666666667, 0.31333333333333335, 0.32, 0.32666666666666666, 0.33333333333333337, 0.34, 0.3466666666666667, 0.35333333333333333, 0.36000000000000004, 0.3666666666666667, 0.37333333333333335, 0.38, 0.3866666666666667, 0.39333333333333337, 0.4, 0.4066666666666667, 0.4133333333333334, 0.42000000000000004, 0.4266666666666667, 0.43333333333333335, 0.44, 0.4466666666666667, 0.45333333333333337, 0.46, 0.4666666666666667, 0.4733333333333334, 0.48000000000000004, 0.4866666666666667, 0.49333333333333335]
Amplitude: [86126.71620744054, 5196.29919027373, 4806.511831074287, 2260.169805754362, 2859.405935526942, 4403.682739313943, 471.71832729203373, 1103.2633664765349, 408.81739967863587, 1506.0230723292525, 543.2720598783421, 899.6796859125889, 1036.7916041907154, 637.6466662126587, 581.6173406981956, 404.8113824254229, 782.1598156225679, 687.7882968613574, 570.1055646809225, 375.8004252689124, 483.3735348700753, 878.2530893600008, 373.9159295119963, 599.3164906335763, 565.4686997712149, 522.1557151347716, 663.1996054229061, 275.8076963301513, 374.21751703442317, 626.5109177970568, 543.579337575038, 459.01143186183947, 546.0375043510421, 497.28795164020636, 491.66181237058856, 586.4716218456697, 563.2082003266217, 514.073511853517, 460.40459243803707, 535.3014393994437, 456.630354572513, 492.3715245231342, 644.8349700194331, 462.96480089213264, 427.266692164581, 501.69711589222715, 519.3057142010051, 502.1947804093749, 470.0753474559336, 588.124734992911, 487.74198763349773, 458.61155006245633, 544.3392044649909, 581.4160140626891, 428.58630994361533, 571.4490580779429, 575.3700226534459, 432.6825231935064, 552.3074583810703, 580.7277645281534, 484.3666003194273, 506.4700142129714, 599.0420510286542, 444.844400616752, 458.4497876416021, 564.7575421307243, 520.1281636780997, 472.8362191540065, 475.5069957228261, 570.6327966063172, 568.963881865796, 512.2981518939747, 459.9477171766445, 443.9996586714175, 549.8251958322585]

landmark_21:
Frequency (Hz): [0.0, 0.006666666666666667, 0.013333333333333334, 0.02, 0.02666666666666667, 0.03333333333333333, 0.04, 0.04666666666666667, 0.05333333333333334, 0.060000000000000005, 0.06666666666666667, 0.07333333333333333, 0.08, 0.08666666666666667, 0.09333333333333334, 0.1, 0.10666666666666667, 0.11333333333333334, 0.12000000000000001, 0.12666666666666668, 0.13333333333333333, 0.14, 0.14666666666666667, 0.15333333333333335, 0.16, 0.16666666666666669, 0.17333333333333334, 0.18000000000000002, 0.18666666666666668, 0.19333333333333336, 0.2, 0.2066666666666667, 0.21333333333333335, 0.22, 0.22666666666666668, 0.23333333333333334, 0.24000000000000002, 0.24666666666666667, 0.25333333333333335, 0.26, 0.26666666666666666, 0.2733333333333334, 0.28, 0.2866666666666667, 0.29333333333333333, 0.30000000000000004, 0.3066666666666667, 0.31333333333333335, 0.32, 0.32666666666666666, 0.33333333333333337, 0.34, 0.3466666666666667, 0.35333333333333333, 0.36000000000000004, 0.3666666666666667, 0.37333333333333335, 0.38, 0.3866666666666667, 0.39333333333333337, 0.4, 0.4066666666666667, 0.4133333333333334, 0.42000000000000004, 0.4266666666666667, 0.43333333333333335, 0.44, 0.4466666666666667, 0.45333333333333337, 0.46, 0.4666666666666667, 0.4733333333333334, 0.48000000000000004, 0.4866666666666667, 0.49333333333333335]
Amplitude: [100474.0868080684, 3802.9326834975104, 638.1087903128837, 1202.4989244417725, 1263.489656472969, 4444.066856309366, 420.28706172212463, 2068.4187389844783, 404.773146605392, 1371.5140108513392, 898.3465424697791, 720.5256527866627, 1595.6798839716553, 806.6891986844175, 517.9971906871912, 813.5025274444209, 722.608544943846, 834.5122447858033, 742.5161027838972, 501.5326215519666, 758.126221427834, 922.6196568214037, 593.5817913122171, 607.4882418328398, 643.5726252668277, 702.7169658347816, 673.6576349984829, 481.7658015532894, 578.4440647938183, 727.9366915795033, 783.2676200438327, 587.0855658346683, 692.6755383712921, 711.4310210136581, 548.4891440163746, 694.7118113640488, 628.6670528966451, 569.1563049987254, 610.4350270213711, 668.753069517865, 631.1474927282466, 622.553040126233, 676.5988082109358, 631.6799160048346, 587.2762196185444, 690.2868984743772, 646.6076908732178, 591.8906725126662, 628.994403453297, 725.3013866623536, 696.7629162906879, 674.2574843343211, 681.4834223316846, 665.5107717827855, 578.5835311395484, 684.582203998545, 750.9567668498178, 577.6732509634411, 603.1157738673038, 663.2823083908039, 602.0122652387664, 648.435483404184, 747.3242222343544, 607.6321364166022, 582.0864520506307, 736.7049199417663, 699.6470323415878, 590.2643810961706, 564.0490720206423, 736.9483746659231, 690.1202269844739, 644.910391321216, 678.7775983853345, 638.9080526820284, 677.5802075049231]

landmark_22:
Frequency (Hz): [0.0, 0.006666666666666667, 0.013333333333333334, 0.02, 0.02666666666666667, 0.03333333333333333, 0.04, 0.04666666666666667, 0.05333333333333334, 0.060000000000000005, 0.06666666666666667, 0.07333333333333333, 0.08, 0.08666666666666667, 0.09333333333333334, 0.1, 0.10666666666666667, 0.11333333333333334, 0.12000000000000001, 0.12666666666666668, 0.13333333333333333, 0.14, 0.14666666666666667, 0.15333333333333335, 0.16, 0.16666666666666669, 0.17333333333333334, 0.18000000000000002, 0.18666666666666668, 0.19333333333333336, 0.2, 0.2066666666666667, 0.21333333333333335, 0.22, 0.22666666666666668, 0.23333333333333334, 0.24000000000000002, 0.24666666666666667, 0.25333333333333335, 0.26, 0.26666666666666666, 0.2733333333333334, 0.28, 0.2866666666666667, 0.29333333333333333, 0.30000000000000004, 0.3066666666666667, 0.31333333333333335, 0.32, 0.32666666666666666, 0.33333333333333337, 0.34, 0.3466666666666667, 0.35333333333333333, 0.36000000000000004, 0.3666666666666667, 0.37333333333333335, 0.38, 0.3866666666666667, 0.39333333333333337, 0.4, 0.4066666666666667, 0.4133333333333334, 0.42000000000000004, 0.4266666666666667, 0.43333333333333335, 0.44, 0.4466666666666667, 0.45333333333333337, 0.46, 0.4666666666666667, 0.4733333333333334, 0.48000000000000004, 0.4866666666666667, 0.49333333333333335]
Amplitude: [84257.37608041207, 5210.37124284232, 4827.2243487237165, 2151.8362232705626, 2816.9443705138992, 4247.524587509943, 454.33156767703247, 1035.2940512806836, 422.7121795757496, 1365.990811443291, 497.4482291775213, 807.1000353245607, 932.0816043779299, 622.3111711117232, 512.3577870923787, 400.2409776030231, 748.8491961574617, 632.7908226193763, 559.9761887289292, 364.8975781607235, 460.22977928885706, 831.1804779888324, 363.18460724104995, 574.1264811249359, 525.9414340455695, 496.05137677750037, 636.825969717617, 298.58256313121325, 385.81828929621594, 589.7329246811305, 517.2898809160425, 448.3487420377021, 533.9593168930062, 485.33906543005054, 475.3624142385312, 549.6599359260518, 547.2354464874928, 499.06114047401377, 460.92180691815804, 528.7986734847383, 440.7134653960815, 469.9465101086852, 617.7575270193086, 456.13315541573456, 418.6551530364065, 489.70009948082406, 509.527863951623, 486.42345187738243, 457.74314591851083, 561.5154509961636, 475.38456595592976, 447.9832554300906, 535.2427697021185, 548.7209964811234, 423.6776545738159, 547.3077324538348, 554.0658483967204, 427.18540897155907, 524.3814240447936, 564.1832928637966, 466.59063562913246, 491.46637733434545, 582.6945610528695, 430.4827637584316, 450.09608227458995, 553.607198345667, 508.2285420252558, 464.2443034444339, 462.0968279189846, 544.5520589297967, 549.0086099863854, 493.3612128093219, 454.08712845223926, 435.22307587732, 526.6251629327353]

landmark_23:
Frequency (Hz): [0.0, 0.006666666666666667, 0.013333333333333334, 0.02, 0.02666666666666667, 0.03333333333333333, 0.04, 0.04666666666666667, 0.05333333333333334, 0.060000000000000005, 0.06666666666666667, 0.07333333333333333, 0.08, 0.08666666666666667, 0.09333333333333334, 0.1, 0.10666666666666667, 0.11333333333333334, 0.12000000000000001, 0.12666666666666668, 0.13333333333333333, 0.14, 0.14666666666666667, 0.15333333333333335, 0.16, 0.16666666666666669, 0.17333333333333334, 0.18000000000000002, 0.18666666666666668, 0.19333333333333336, 0.2, 0.2066666666666667, 0.21333333333333335, 0.22, 0.22666666666666668, 0.23333333333333334, 0.24000000000000002, 0.24666666666666667, 0.25333333333333335, 0.26, 0.26666666666666666, 0.2733333333333334, 0.28, 0.2866666666666667, 0.29333333333333333, 0.30000000000000004, 0.3066666666666667, 0.31333333333333335, 0.32, 0.32666666666666666, 0.33333333333333337, 0.34, 0.3466666666666667, 0.35333333333333333, 0.36000000000000004, 0.3666666666666667, 0.37333333333333335, 0.38, 0.3866666666666667, 0.39333333333333337, 0.4, 0.4066666666666667, 0.4133333333333334, 0.42000000000000004, 0.4266666666666667, 0.43333333333333335, 0.44, 0.4466666666666667, 0.45333333333333337, 0.46, 0.4666666666666667, 0.4733333333333334, 0.48000000000000004, 0.4866666666666667, 0.49333333333333335]
Amplitude: [76295.81631562757, 1831.8350328709987, 1342.2484424421473, 690.4043956606814, 489.66303826678836, 327.5705358372468, 340.65738240840636, 407.6775706957726, 472.73510011061825, 470.23278496667103, 494.97767773042546, 489.5977034277336, 501.24742938152156, 486.90603863614444, 487.162459109005, 468.67089066832125, 472.42126840844685, 478.4039235828123, 492.5258839989969, 480.7807639053463, 485.42043092484795, 483.37966981411694, 476.64833895836875, 489.8129900274891, 478.55631730184354, 476.82776194696487, 489.75753356591525, 484.17818139549695, 479.66106204748485, 485.41145803225567, 481.5813832136773, 488.44261124579816, 489.7167944997363, 483.6754545549046, 485.67602163748063, 485.2951633972395, 481.8910859404875, 486.23879912757053, 490.07773217485703, 488.42715837504335, 485.857419279594, 485.1912528681714, 483.4713630916089, 487.17426093810764, 488.6847115875491, 486.3946777851162, 484.475170018405, 485.9840707814061, 485.5043470017822, 484.57096913487635, 488.1713012509855, 486.0916585586317, 485.9208429549091, 487.6256507325178, 486.86952954009354, 484.52204409012984, 484.8930714709491, 486.0661833018555, 486.80833443668, 487.33434928635927, 486.6944094897012, 484.90546385457026, 486.58137988227037, 484.2932547198647, 485.12869779259273, 486.4893461722357, 486.60130397480094, 486.97282565308655, 486.10586925511154, 485.9170794543169, 485.4741815700672, 488.27940266460746, 487.80125791544924, 486.7056766362536, 485.85270636242876]

landmark_24:
Frequency (Hz): [0.0, 0.006666666666666667, 0.013333333333333334, 0.02, 0.02666666666666667, 0.03333333333333333, 0.04, 0.04666666666666667, 0.05333333333333334, 0.060000000000000005, 0.06666666666666667, 0.07333333333333333, 0.08, 0.08666666666666667, 0.09333333333333334, 0.1, 0.10666666666666667, 0.11333333333333334, 0.12000000000000001, 0.12666666666666668, 0.13333333333333333, 0.14, 0.14666666666666667, 0.15333333333333335, 0.16, 0.16666666666666669, 0.17333333333333334, 0.18000000000000002, 0.18666666666666668, 0.19333333333333336, 0.2, 0.2066666666666667, 0.21333333333333335, 0.22, 0.22666666666666668, 0.23333333333333334, 0.24000000000000002, 0.24666666666666667, 0.25333333333333335, 0.26, 0.26666666666666666, 0.2733333333333334, 0.28, 0.2866666666666667, 0.29333333333333333, 0.30000000000000004, 0.3066666666666667, 0.31333333333333335, 0.32, 0.32666666666666666, 0.33333333333333337, 0.34, 0.3466666666666667, 0.35333333333333333, 0.36000000000000004, 0.3666666666666667, 0.37333333333333335, 0.38, 0.3866666666666667, 0.39333333333333337, 0.4, 0.4066666666666667, 0.4133333333333334, 0.42000000000000004, 0.4266666666666667, 0.43333333333333335, 0.44, 0.4466666666666667, 0.45333333333333337, 0.46, 0.4666666666666667, 0.4733333333333334, 0.48000000000000004, 0.4866666666666667, 0.49333333333333335]
Amplitude: [72713.47479610167, 2237.8183743192085, 1435.8832734873995, 740.388133344546, 281.1916152303854, 366.85079935509026, 302.04312414146, 361.9492228839809, 442.97398735418017, 454.9712187707827, 481.7724384909325, 452.8991739280721, 458.2470294470485, 465.5883155338961, 465.1889365047056, 442.7683372812527, 447.09777719769863, 432.42323453455896, 461.2254529826084, 451.56730280448573, 452.80547410970723, 453.6611625708317, 453.8492330329324, 459.0416147797327, 441.86140499187894, 447.97042675154364, 459.76115448754376, 456.8042405667507, 446.46467134844164, 451.2294837767072, 451.54970416033484, 459.0555332405716, 458.64363578398013, 453.7155521568782, 453.35742220955893, 454.8949908918462, 451.6663558672537, 455.3306205196315, 459.6927128500598, 454.9821802774362, 450.3091711103426, 453.60327036768564, 452.57368929122543, 456.3281304452479, 457.636992225831, 454.673912047992, 453.0927608813669, 455.7865762337687, 453.1783249412829, 451.5728317703015, 456.68922369482675, 455.53287070434203, 454.5646600633854, 456.23794443284476, 455.0183104916484, 451.3640322079696, 453.3351172143089, 454.4068084544991, 455.1785149167536, 456.7899657467224, 454.71219613105103, 452.3029980211572, 455.67438243219334, 453.59035415815566, 453.3862183582324, 455.0097781523683, 455.0061624109759, 454.21145186708253, 454.86175450585955, 456.53401434999085, 453.11149834297555, 454.94665481790423, 458.34645554189456, 455.98093428748183, 453.21431372458346]

landmark_25:
Frequency (Hz): [0.0, 0.006666666666666667, 0.013333333333333334, 0.02, 0.02666666666666667, 0.03333333333333333, 0.04, 0.04666666666666667, 0.05333333333333334, 0.060000000000000005, 0.06666666666666667, 0.07333333333333333, 0.08, 0.08666666666666667, 0.09333333333333334, 0.1, 0.10666666666666667, 0.11333333333333334, 0.12000000000000001, 0.12666666666666668, 0.13333333333333333, 0.14, 0.14666666666666667, 0.15333333333333335, 0.16, 0.16666666666666669, 0.17333333333333334, 0.18000000000000002, 0.18666666666666668, 0.19333333333333336, 0.2, 0.2066666666666667, 0.21333333333333335, 0.22, 0.22666666666666668, 0.23333333333333334, 0.24000000000000002, 0.24666666666666667, 0.25333333333333335, 0.26, 0.26666666666666666, 0.2733333333333334, 0.28, 0.2866666666666667, 0.29333333333333333, 0.30000000000000004, 0.3066666666666667, 0.31333333333333335, 0.32, 0.32666666666666666, 0.33333333333333337, 0.34, 0.3466666666666667, 0.35333333333333333, 0.36000000000000004, 0.3666666666666667, 0.37333333333333335, 0.38, 0.3866666666666667, 0.39333333333333337, 0.4, 0.4066666666666667, 0.4133333333333334, 0.42000000000000004, 0.4266666666666667, 0.43333333333333335, 0.44, 0.4466666666666667, 0.45333333333333337, 0.46, 0.4666666666666667, 0.4733333333333334, 0.48000000000000004, 0.4866666666666667, 0.49333333333333335]
Amplitude: [69141.46977051039, 1480.6782708332437, 1116.515299032286, 616.378648274122, 537.5178365018949, 443.1143542208641, 291.8420964994186, 436.3871608883884, 427.4367578018446, 389.39807358247543, 424.4478650252033, 456.2013007743246, 425.71591061043864, 478.06563692950436, 430.33828863614315, 424.5331523892665, 411.4959399376845, 465.10905928496237, 442.1336338638613, 424.59839189076035, 448.9571445087395, 462.2991800075977, 407.86349609157463, 443.3085675774028, 464.24129790762254, 427.48380824751456, 440.6680668814701, 448.0529803300166, 428.1180132427517, 441.7130653459848, 444.29605622816075, 441.44245116143816, 439.25244166689646, 436.13290668148034, 440.9277153497287, 443.9641918184273, 444.4599167965847, 437.2792616475447, 436.14057720936296, 446.48579266744775, 437.9246351775458, 446.91295874305223, 440.4025539024483, 444.1192698754885, 434.0690917749271, 448.6489721487348, 443.27305908096855, 436.7315880913705, 441.137022463765, 438.58142402087555, 442.10718138305697, 446.3970395890199, 445.25814902040906, 438.12057278645943, 439.2864217543274, 444.56481326646457, 443.988738355776, 440.2987698377403, 440.9130757042875, 442.84787985208266, 437.36661460284495, 447.53905132126266, 438.29156947230746, 438.52165390335585, 446.75665956240545, 437.9432567703504, 445.43655745350594, 442.7351614707279, 442.68175671695167, 436.42971822697575, 445.9843843494849, 441.41252391265357, 438.33303132329667, 447.0296512180803, 440.16717173607555]

landmark_26:
Frequency (Hz): [0.0, 0.006666666666666667, 0.013333333333333334, 0.02, 0.02666666666666667, 0.03333333333333333, 0.04, 0.04666666666666667, 0.05333333333333334, 0.060000000000000005, 0.06666666666666667, 0.07333333333333333, 0.08, 0.08666666666666667, 0.09333333333333334, 0.1, 0.10666666666666667, 0.11333333333333334, 0.12000000000000001, 0.12666666666666668, 0.13333333333333333, 0.14, 0.14666666666666667, 0.15333333333333335, 0.16, 0.16666666666666669, 0.17333333333333334, 0.18000000000000002, 0.18666666666666668, 0.19333333333333336, 0.2, 0.2066666666666667, 0.21333333333333335, 0.22, 0.22666666666666668, 0.23333333333333334, 0.24000000000000002, 0.24666666666666667, 0.25333333333333335, 0.26, 0.26666666666666666, 0.2733333333333334, 0.28, 0.2866666666666667, 0.29333333333333333, 0.30000000000000004, 0.3066666666666667, 0.31333333333333335, 0.32, 0.32666666666666666, 0.33333333333333337, 0.34, 0.3466666666666667, 0.35333333333333333, 0.36000000000000004, 0.3666666666666667, 0.37333333333333335, 0.38, 0.3866666666666667, 0.39333333333333337, 0.4, 0.4066666666666667, 0.4133333333333334, 0.42000000000000004, 0.4266666666666667, 0.43333333333333335, 0.44, 0.4466666666666667, 0.45333333333333337, 0.46, 0.4666666666666667, 0.4733333333333334, 0.48000000000000004, 0.4866666666666667, 0.49333333333333335]
Amplitude: [66520.04208604967, 3044.1441478014553, 4413.496223121008, 2476.278403118159, 754.4539733097064, 2081.319025718124, 292.7886554405013, 965.3339711343648, 470.5294259173153, 189.92750149663303, 538.6632146065365, 421.2652133902629, 643.5894979013547, 748.0132201012639, 320.22149268371817, 462.0278256101227, 450.9446362408846, 360.52653051320164, 657.4784581994378, 369.71081812731626, 452.5711146367171, 483.9745817634509, 362.50741592099854, 482.8039770569721, 426.3407204974787, 413.5671865842162, 279.79222949416527, 384.9404704414834, 526.9739354076364, 332.10402694184296, 423.2597195380508, 377.9416981402497, 347.5383550555174, 477.4883984766302, 408.5783960083204, 353.98396563535226, 369.1971438754649, 400.42490875643466, 474.38520224234753, 333.83712100270753, 337.8902498799263, 489.19047036722424, 367.0314057594418, 364.77689938598496, 408.96022867821216, 363.23117842354395, 417.4786623964294, 453.8620169071888, 348.0366411430692, 342.704832546924, 453.4483952542533, 430.62795813390045, 356.2864391263289, 399.405126151505, 350.1045124291448, 428.3760685744424, 421.0278635737325, 336.87824342446925, 428.75981587927436, 381.8191354276252, 377.41913265952604, 419.80727053326876, 382.256597080198, 389.9351852005744, 393.57625991111854, 412.8200447126627, 376.2898703738476, 371.69580980715455, 428.2173099919753, 404.7111006907394, 355.45928206231304, 369.3471939854446, 438.2229182175475, 428.66870852920346, 359.8779839279186]

landmark_27:
Frequency (Hz): [0.0, 0.006666666666666667, 0.013333333333333334, 0.02, 0.02666666666666667, 0.03333333333333333, 0.04, 0.04666666666666667, 0.05333333333333334, 0.060000000000000005, 0.06666666666666667, 0.07333333333333333, 0.08, 0.08666666666666667, 0.09333333333333334, 0.1, 0.10666666666666667, 0.11333333333333334, 0.12000000000000001, 0.12666666666666668, 0.13333333333333333, 0.14, 0.14666666666666667, 0.15333333333333335, 0.16, 0.16666666666666669, 0.17333333333333334, 0.18000000000000002, 0.18666666666666668, 0.19333333333333336, 0.2, 0.2066666666666667, 0.21333333333333335, 0.22, 0.22666666666666668, 0.23333333333333334, 0.24000000000000002, 0.24666666666666667, 0.25333333333333335, 0.26, 0.26666666666666666, 0.2733333333333334, 0.28, 0.2866666666666667, 0.29333333333333333, 0.30000000000000004, 0.3066666666666667, 0.31333333333333335, 0.32, 0.32666666666666666, 0.33333333333333337, 0.34, 0.3466666666666667, 0.35333333333333333, 0.36000000000000004, 0.3666666666666667, 0.37333333333333335, 0.38, 0.3866666666666667, 0.39333333333333337, 0.4, 0.4066666666666667, 0.4133333333333334, 0.42000000000000004, 0.4266666666666667, 0.43333333333333335, 0.44, 0.4466666666666667, 0.45333333333333337, 0.46, 0.4666666666666667, 0.4733333333333334, 0.48000000000000004, 0.4866666666666667, 0.49333333333333335]
Amplitude: [63934.08648190402, 594.2219467282385, 583.578970974668, 545.1546833041342, 702.9280974360497, 376.8188187951637, 534.6429622722773, 309.23427349099495, 349.63151585482836, 404.90386093885945, 401.2525267468529, 463.8417357388797, 464.06901687637435, 418.85982191666045, 577.2038910187146, 357.56125212465855, 462.31236334863956, 422.40985450260314, 360.4512941591937, 517.8212431812991, 365.41333537625144, 447.6028612887389, 419.47295462495026, 467.86938373023304, 452.3562702612635, 427.7841324778215, 440.85158438099484, 389.3738890031046, 447.38741444954564, 414.7078387785512, 445.314349147218, 443.9856793568568, 412.94674403236803, 443.8214035316698, 417.8726147689721, 438.50726080197376, 450.4515387822832, 437.3330850255252, 422.18377212258736, 401.36592882033716, 431.6386083085567, 419.2405968883152, 428.2355183931307, 429.41776376773976, 423.4070665887676, 419.86269397612915, 417.8905187717268, 426.03425676707207, 428.12779282457547, 435.4935917489326, 430.1057784006573, 434.17621183213726, 421.5729783289617, 429.7764078872523, 434.4511914873004, 432.95405335422595, 424.55040939192475, 441.0152258261568, 432.66419064329466, 423.2233317913703, 438.7109515732537, 429.16958883321996, 446.5826238399683, 413.7797976305895, 437.0900170594597, 415.37482928981797, 426.625278865129, 421.2302673645438, 429.56815293904975, 449.8975522557916, 419.59284436106867, 433.9660131511746, 411.6627213858935, 415.3704430722884, 433.2112236392587]

landmark_28:
Frequency (Hz): [0.0, 0.006666666666666667, 0.013333333333333334, 0.02, 0.02666666666666667, 0.03333333333333333, 0.04, 0.04666666666666667, 0.05333333333333334, 0.060000000000000005, 0.06666666666666667, 0.07333333333333333, 0.08, 0.08666666666666667, 0.09333333333333334, 0.1, 0.10666666666666667, 0.11333333333333334, 0.12000000000000001, 0.12666666666666668, 0.13333333333333333, 0.14, 0.14666666666666667, 0.15333333333333335, 0.16, 0.16666666666666669, 0.17333333333333334, 0.18000000000000002, 0.18666666666666668, 0.19333333333333336, 0.2, 0.2066666666666667, 0.21333333333333335, 0.22, 0.22666666666666668, 0.23333333333333334, 0.24000000000000002, 0.24666666666666667, 0.25333333333333335, 0.26, 0.26666666666666666, 0.2733333333333334, 0.28, 0.2866666666666667, 0.29333333333333333, 0.30000000000000004, 0.3066666666666667, 0.31333333333333335, 0.32, 0.32666666666666666, 0.33333333333333337, 0.34, 0.3466666666666667, 0.35333333333333333, 0.36000000000000004, 0.3666666666666667, 0.37333333333333335, 0.38, 0.3866666666666667, 0.39333333333333337, 0.4, 0.4066666666666667, 0.4133333333333334, 0.42000000000000004, 0.4266666666666667, 0.43333333333333335, 0.44, 0.4466666666666667, 0.45333333333333337, 0.46, 0.4666666666666667, 0.4733333333333334, 0.48000000000000004, 0.4866666666666667, 0.49333333333333335]
Amplitude: [57871.644007694675, 2081.881230477291, 3733.0213191642715, 1919.1408274974276, 1204.231456641357, 1471.8609693189833, 582.9636563576615, 462.08176732310363, 491.8263702298776, 593.610933234078, 339.76207480878327, 197.57584225560817, 334.1800958776755, 644.9963035283457, 203.11960666186533, 359.93425677773695, 331.7266374313947, 459.1396270447075, 210.04188854367675, 421.6398534623369, 424.5708634444054, 257.9131331093808, 310.52437129981723, 467.80322921037765, 395.360798422853, 242.64900701523183, 403.6659302507544, 420.3761659276671, 291.35211270640866, 334.59065394043324, 394.80413582757586, 332.28008558288735, 298.18910215234615, 443.7307999806854, 372.6968267778791, 295.35018881083914, 376.189624337756, 398.21929449972714, 392.78626972124937, 362.04285222253975, 333.50577863383705, 373.7035411592543, 379.77031673890787, 369.97078497445335, 351.04312707083204, 369.80243629326407, 341.75486950386687, 386.9927628520426, 374.87080383043553, 309.34954797044173, 386.07252180701204, 375.5753279283848, 338.41609768390236, 335.13428459038323, 394.1990992670547, 385.28448168681984, 306.5824410438586, 375.6743090952538, 384.8854899983872, 318.3355053028294, 353.21635446925046, 396.0078931279827, 364.7134587810244, 345.6524287405692, 381.37232556333265, 394.58865304115983, 296.94839997247175, 363.5566479540978, 372.03996485584383, 375.13294655844606, 347.6545720325907, 334.22980432607284, 381.69122760306095, 362.0373813345975, 363.7536361612237]

landmark_29:
Frequency (Hz): [0.0, 0.006666666666666667, 0.013333333333333334, 0.02, 0.02666666666666667, 0.03333333333333333, 0.04, 0.04666666666666667, 0.05333333333333334, 0.060000000000000005, 0.06666666666666667, 0.07333333333333333, 0.08, 0.08666666666666667, 0.09333333333333334, 0.1, 0.10666666666666667, 0.11333333333333334, 0.12000000000000001, 0.12666666666666668, 0.13333333333333333, 0.14, 0.14666666666666667, 0.15333333333333335, 0.16, 0.16666666666666669, 0.17333333333333334, 0.18000000000000002, 0.18666666666666668, 0.19333333333333336, 0.2, 0.2066666666666667, 0.21333333333333335, 0.22, 0.22666666666666668, 0.23333333333333334, 0.24000000000000002, 0.24666666666666667, 0.25333333333333335, 0.26, 0.26666666666666666, 0.2733333333333334, 0.28, 0.2866666666666667, 0.29333333333333333, 0.30000000000000004, 0.3066666666666667, 0.31333333333333335, 0.32, 0.32666666666666666, 0.33333333333333337, 0.34, 0.3466666666666667, 0.35333333333333333, 0.36000000000000004, 0.3666666666666667, 0.37333333333333335, 0.38, 0.3866666666666667, 0.39333333333333337, 0.4, 0.4066666666666667, 0.4133333333333334, 0.42000000000000004, 0.4266666666666667, 0.43333333333333335, 0.44, 0.4466666666666667, 0.45333333333333337, 0.46, 0.4666666666666667, 0.4733333333333334, 0.48000000000000004, 0.4866666666666667, 0.49333333333333335]
Amplitude: [62205.86488599957, 579.4588158276152, 555.5966625317724, 470.95929697664684, 695.6749712512204, 396.55241638083413, 547.8818955264248, 298.95360478309624, 349.44319464270916, 409.1229681223566, 388.6862814362749, 439.011757624245, 461.16403797248677, 406.7172423988357, 579.3766248776153, 343.5645829819789, 458.3614704434124, 421.64444038219176, 341.75843595700456, 517.4199777207505, 355.30071412470414, 432.08611048739226, 409.39753766967095, 466.1572843584684, 451.61007314478564, 420.579228828134, 430.78451981240454, 383.99472543063763, 439.9490611941722, 405.9997775985185, 442.83107926014003, 436.2429828657274, 406.24344793268745, 438.60677939544684, 406.0999303188938, 432.7211221320356, 448.86152080172326, 431.9518783153944, 408.90946332218476, 392.59290293749854, 428.12757930864893, 409.70432860260394, 423.0833249968863, 420.5685425914025, 416.6481368348163, 413.1321073990925, 407.25800112799243, 418.7991848300583, 422.82921897719973, 429.21206249377707, 424.3558567179613, 427.10069151235564, 414.1781272717177, 420.2693410596349, 431.5445222181543, 425.05414411236865, 414.1200790180848, 438.5718710416799, 425.0872047377951, 416.23920044009515, 433.0075523719809, 422.45471893619685, 443.0596921677594, 403.0085836917421, 430.6653465072292, 406.12549469118846, 420.3308111379521, 411.6104584897555, 421.7877073562796, 448.4175670711924, 409.1604984993027, 429.126661057675, 402.2700305192108, 402.33845872426366, 427.4310443767045]

landmark_30:
Frequency (Hz): [0.0, 0.006666666666666667, 0.013333333333333334, 0.02, 0.02666666666666667, 0.03333333333333333, 0.04, 0.04666666666666667, 0.05333333333333334, 0.060000000000000005, 0.06666666666666667, 0.07333333333333333, 0.08, 0.08666666666666667, 0.09333333333333334, 0.1, 0.10666666666666667, 0.11333333333333334, 0.12000000000000001, 0.12666666666666668, 0.13333333333333333, 0.14, 0.14666666666666667, 0.15333333333333335, 0.16, 0.16666666666666669, 0.17333333333333334, 0.18000000000000002, 0.18666666666666668, 0.19333333333333336, 0.2, 0.2066666666666667, 0.21333333333333335, 0.22, 0.22666666666666668, 0.23333333333333334, 0.24000000000000002, 0.24666666666666667, 0.25333333333333335, 0.26, 0.26666666666666666, 0.2733333333333334, 0.28, 0.2866666666666667, 0.29333333333333333, 0.30000000000000004, 0.3066666666666667, 0.31333333333333335, 0.32, 0.32666666666666666, 0.33333333333333337, 0.34, 0.3466666666666667, 0.35333333333333333, 0.36000000000000004, 0.3666666666666667, 0.37333333333333335, 0.38, 0.3866666666666667, 0.39333333333333337, 0.4, 0.4066666666666667, 0.4133333333333334, 0.42000000000000004, 0.4266666666666667, 0.43333333333333335, 0.44, 0.4466666666666667, 0.45333333333333337, 0.46, 0.4666666666666667, 0.4733333333333334, 0.48000000000000004, 0.4866666666666667, 0.49333333333333335]
Amplitude: [57689.1109800205, 1917.6166448779231, 3999.2119634783676, 2088.7921431547725, 1155.0730571333347, 1365.9311103194893, 568.0571386603846, 522.7450866598706, 583.4023951307082, 621.0646596896805, 358.35438982205557, 186.81146966881022, 313.16849470392526, 618.8414629979424, 228.93176724347722, 357.3234189403524, 301.3701463593429, 485.9314347404623, 196.49892643501494, 421.4378947545053, 426.6926286533514, 240.54499521355282, 339.06273121561895, 453.039347244632, 389.5711994451507, 236.690679855928, 412.6205595135198, 429.12442067919335, 269.77243244523345, 346.18289250771636, 400.96858661942827, 313.20410362166535, 310.93184421797054, 434.5827127638167, 366.71033830080233, 305.50930612261055, 383.4635987068498, 412.441347201817, 367.4994926796503, 368.7452560229201, 357.0295992993831, 347.7576768982377, 384.5443646102365, 374.09398062231946, 351.71775453626003, 379.721398076389, 335.20540126868735, 392.06534095032816, 382.1165629371905, 309.55048826311867, 386.121995865911, 370.407533988285, 343.8312255798027, 333.47034308370826, 395.6997051007099, 387.0522189123191, 308.6774803085949, 380.752530579527, 382.20884777904934, 315.8682158644569, 354.7624238505238, 395.7829163657931, 371.8279085947366, 343.8715780769002, 385.7066910066711, 389.74182973205285, 295.22656228029683, 366.840795249779, 381.6120302005647, 366.39099768136094, 347.87686391333835, 343.5987322805645, 385.3797954150298, 346.9026968478887, 368.5276335491248]

landmark_31:
Frequency (Hz): [0.0, 0.006666666666666667, 0.013333333333333334, 0.02, 0.02666666666666667, 0.03333333333333333, 0.04, 0.04666666666666667, 0.05333333333333334, 0.060000000000000005, 0.06666666666666667, 0.07333333333333333, 0.08, 0.08666666666666667, 0.09333333333333334, 0.1, 0.10666666666666667, 0.11333333333333334, 0.12000000000000001, 0.12666666666666668, 0.13333333333333333, 0.14, 0.14666666666666667, 0.15333333333333335, 0.16, 0.16666666666666669, 0.17333333333333334, 0.18000000000000002, 0.18666666666666668, 0.19333333333333336, 0.2, 0.2066666666666667, 0.21333333333333335, 0.22, 0.22666666666666668, 0.23333333333333334, 0.24000000000000002, 0.24666666666666667, 0.25333333333333335, 0.26, 0.26666666666666666, 0.2733333333333334, 0.28, 0.2866666666666667, 0.29333333333333333, 0.30000000000000004, 0.3066666666666667, 0.31333333333333335, 0.32, 0.32666666666666666, 0.33333333333333337, 0.34, 0.3466666666666667, 0.35333333333333333, 0.36000000000000004, 0.3666666666666667, 0.37333333333333335, 0.38, 0.3866666666666667, 0.39333333333333337, 0.4, 0.4066666666666667, 0.4133333333333334, 0.42000000000000004, 0.4266666666666667, 0.43333333333333335, 0.44, 0.4466666666666667, 0.45333333333333337, 0.46, 0.4666666666666667, 0.4733333333333334, 0.48000000000000004, 0.4866666666666667, 0.49333333333333335]
Amplitude: [63187.20707481466, 460.21259473439005, 556.4549933064787, 448.9619281850843, 346.41731300063367, 552.4372138121217, 420.85224978542345, 474.4710296261664, 443.75153170995287, 424.75205124341153, 500.4410301812624, 432.09674200751476, 319.33663033314673, 478.1129545479366, 423.60392836522004, 393.2031773702753, 394.9869978885466, 466.6455384274091, 389.5794241694688, 389.31582825645165, 425.92975602713676, 467.86187448229634, 416.6230289831941, 382.48886092549657, 442.12947885816857, 421.6475740859124, 412.68501871870495, 436.86639128559926, 420.832065746729, 410.5767459893764, 421.91889660831913, 434.8740073080627, 415.92684339876195, 407.653522017676, 427.366849578347, 416.8484988080605, 414.88195585322603, 417.8995673771937, 420.9604730050732, 437.2540122737685, 419.27062393562073, 415.10238952498696, 426.07829468073385, 427.7746630878355, 408.54820777670636, 438.2263676171923, 420.6940682048908, 406.45855979133614, 424.88182964725354, 431.21339233287085, 415.2374933916487, 430.5619487979933, 416.3132978004525, 418.63543261118264, 425.4103534730706, 422.2398169212072, 406.92487928129725, 427.736809702561, 422.4446932104503, 422.223679256503, 411.8694418593098, 432.1700395031061, 416.7792619115794, 422.0739509722093, 422.2374072651581, 413.4669020266402, 424.91787355155316, 430.16547450062853, 415.8269266842195, 416.71483838714954, 427.3377822983777, 422.57236716312525, 415.7616025317802, 439.4575812708488, 421.47086063509977]

landmark_32:
Frequency (Hz): [0.0, 0.006666666666666667, 0.013333333333333334, 0.02, 0.02666666666666667, 0.03333333333333333, 0.04, 0.04666666666666667, 0.05333333333333334, 0.060000000000000005, 0.06666666666666667, 0.07333333333333333, 0.08, 0.08666666666666667, 0.09333333333333334, 0.1, 0.10666666666666667, 0.11333333333333334, 0.12000000000000001, 0.12666666666666668, 0.13333333333333333, 0.14, 0.14666666666666667, 0.15333333333333335, 0.16, 0.16666666666666669, 0.17333333333333334, 0.18000000000000002, 0.18666666666666668, 0.19333333333333336, 0.2, 0.2066666666666667, 0.21333333333333335, 0.22, 0.22666666666666668, 0.23333333333333334, 0.24000000000000002, 0.24666666666666667, 0.25333333333333335, 0.26, 0.26666666666666666, 0.2733333333333334, 0.28, 0.2866666666666667, 0.29333333333333333, 0.30000000000000004, 0.3066666666666667, 0.31333333333333335, 0.32, 0.32666666666666666, 0.33333333333333337, 0.34, 0.3466666666666667, 0.35333333333333333, 0.36000000000000004, 0.3666666666666667, 0.37333333333333335, 0.38, 0.3866666666666667, 0.39333333333333337, 0.4, 0.4066666666666667, 0.4133333333333334, 0.42000000000000004, 0.4266666666666667, 0.43333333333333335, 0.44, 0.4466666666666667, 0.45333333333333337, 0.46, 0.4666666666666667, 0.4733333333333334, 0.48000000000000004, 0.4866666666666667, 0.49333333333333335]
Amplitude: [53793.94268625064, 3311.035470424741, 5162.938687965637, 2866.668825338372, 1436.2647168939536, 1867.853418500009, 669.0953574284213, 467.8004126755673, 524.2474462929864, 557.4452241612923, 296.86854746713135, 78.83068504187023, 447.37026248481214, 743.3160626237055, 98.07945721143231, 187.5375919122897, 489.27974191041966, 272.90206789525416, 233.74983146376383, 341.1745803690704, 333.51544736732893, 296.49196497048337, 237.8854494763417, 377.93585719557285, 341.39125974375503, 223.324212642617, 284.0113809395612, 419.39958017003636, 212.4517380596334, 289.45315826027996, 437.1944183502415, 196.5217152922774, 244.78597228761055, 446.3016657400577, 351.4713670163475, 192.60071025898014, 300.717476903802, 354.0156254046813, 326.63151655560307, 291.7044174239862, 249.4925564612665, 374.5091627427655, 314.27269959582094, 283.9245029221131, 311.80570652357824, 289.297050692078, 294.5047104897665, 374.1703028320836, 262.42774552024105, 254.57430104664434, 355.01722328885324, 364.3351923911506, 222.95382305477617, 306.1136321582654, 328.9867696680735, 324.7349753666267, 257.63012288664714, 301.79103050714997, 364.9888031914552, 265.5690633580672, 280.1952765664309, 344.751100416305, 317.3925050959178, 247.72579259139482, 340.551542801552, 354.3575454586664, 237.0050840363214, 283.20838206112285, 360.8229213392633, 308.0168770346274, 274.8598493835277, 279.4536055416199, 324.69615661516275, 348.75936572881983, 273.5875814518606]

