landmark_0:
Frequency (Hz): [0.0, 0.006666666666666667, 0.013333333333333334, 0.02, 0.02666666666666667, 0.03333333333333333, 0.04, 0.04666666666666667, 0.05333333333333334, 0.060000000000000005, 0.06666666666666667, 0.07333333333333333, 0.08, 0.08666666666666667, 0.09333333333333334, 0.1, 0.10666666666666667, 0.11333333333333334, 0.12000000000000001, 0.12666666666666668, 0.13333333333333333, 0.14, 0.14666666666666667, 0.15333333333333335, 0.16, 0.16666666666666669, 0.17333333333333334, 0.18000000000000002, 0.18666666666666668, 0.19333333333333336, 0.2, 0.2066666666666667, 0.21333333333333335, 0.22, 0.22666666666666668, 0.23333333333333334, 0.24000000000000002, 0.24666666666666667, 0.25333333333333335, 0.26, 0.26666666666666666, 0.2733333333333334, 0.28, 0.2866666666666667, 0.29333333333333333, 0.30000000000000004, 0.3066666666666667, 0.31333333333333335, 0.32, 0.32666666666666666, 0.33333333333333337, 0.34, 0.3466666666666667, 0.35333333333333333, 0.36000000000000004, 0.3666666666666667, 0.37333333333333335, 0.38, 0.3866666666666667, 0.39333333333333337, 0.4, 0.4066666666666667, 0.4133333333333334, 0.42000000000000004, 0.4266666666666667, 0.43333333333333335, 0.44, 0.4466666666666667, 0.45333333333333337, 0.46, 0.4666666666666667, 0.4733333333333334, 0.48000000000000004, 0.4866666666666667, 0.49333333333333335]
Amplitude: [89805.49198735053, 485.9009364237118, 1719.5183422929342, 280.66317779049496, 677.3487338657303, 494.1020904858617, 1231.6581183086994, 1169.1607830623516, 1143.4167788423563, 114.41568851857271, 80.79072348792982, 543.7719647229075, 273.30966286314725, 695.5742205449853, 270.2441555373002, 395.9461829871855, 191.58229768463303, 223.81506830376037, 83.85355024124087, 301.23347412321385, 130.03035209552058, 39.50393562228171, 40.60546157602956, 109.51447052756001, 245.4663877353133, 36.626542075975976, 186.31268176338355, 72.99992121473676, 16.094999682453878, 58.92610187143445, 173.78438880572045, 49.939804717252464, 147.3070285210977, 109.43247600264765, 88.50110295859155, 46.78516768535425, 50.41006487101944, 101.2529110574727, 71.12444099375183, 45.1576486205471, 96.76710433606111, 15.578545396706504, 60.04264068459553, 27.1651409125668, 120.75730587054423, 28.941117899621478, 70.54858389637701, 63.142081139932515, 30.354042863748408, 88.19093768922359, 44.63918728897441, 29.2801879545118, 57.36614180937343, 53.0340170646453, 49.18550273536205, 76.95956671676977, 69.38171485802553, 14.484081551871006, 16.17102919460347, 30.5477811147296, 29.051225325864994, 23.49482798749399, 56.941195903401486, 34.47990782950298, 29.947954525640966, 16.608289129385454, 53.83257462794106, 18.462968960451157, 23.87023297975579, 74.58560765210025, 23.551502829219345, 32.511656890194295, 37.17687372763383, 74.7493243101929, 25.16302181470827]

landmark_1:
Frequency (Hz): [0.0, 0.006666666666666667, 0.013333333333333334, 0.02, 0.02666666666666667, 0.03333333333333333, 0.04, 0.04666666666666667, 0.05333333333333334, 0.060000000000000005, 0.06666666666666667, 0.07333333333333333, 0.08, 0.08666666666666667, 0.09333333333333334, 0.1, 0.10666666666666667, 0.11333333333333334, 0.12000000000000001, 0.12666666666666668, 0.13333333333333333, 0.14, 0.14666666666666667, 0.15333333333333335, 0.16, 0.16666666666666669, 0.17333333333333334, 0.18000000000000002, 0.18666666666666668, 0.19333333333333336, 0.2, 0.2066666666666667, 0.21333333333333335, 0.22, 0.22666666666666668, 0.23333333333333334, 0.24000000000000002, 0.24666666666666667, 0.25333333333333335, 0.26, 0.26666666666666666, 0.2733333333333334, 0.28, 0.2866666666666667, 0.29333333333333333, 0.30000000000000004, 0.3066666666666667, 0.31333333333333335, 0.32, 0.32666666666666666, 0.33333333333333337, 0.34, 0.3466666666666667, 0.35333333333333333, 0.36000000000000004, 0.3666666666666667, 0.37333333333333335, 0.38, 0.3866666666666667, 0.39333333333333337, 0.4, 0.4066666666666667, 0.4133333333333334, 0.42000000000000004, 0.4266666666666667, 0.43333333333333335, 0.44, 0.4466666666666667, 0.45333333333333337, 0.46, 0.4666666666666667, 0.4733333333333334, 0.48000000000000004, 0.4866666666666667, 0.49333333333333335]
Amplitude: [90737.29812053338, 389.3287951312501, 1647.3459938583514, 239.5190442589587, 406.48024597672827, 439.4530562662369, 1185.7261984403058, 1046.1079050506612, 1039.2702203921235, 146.27926680157395, 98.79627078623353, 518.0871215665778, 290.0291988472439, 722.1097861656981, 272.5646678543033, 363.80698288240495, 178.51186988826655, 244.23339521273536, 94.08811840890807, 300.94577870885905, 122.21389723541509, 58.457225405821305, 48.99602422180297, 93.28311804639355, 249.54278837382893, 32.98647622828915, 208.94301756939674, 66.72942347860945, 26.97904036648635, 68.82139317313776, 176.0989700430465, 63.64798377011191, 144.82485720181703, 108.08597750782825, 83.94347764055928, 40.95293647909326, 50.63489673745223, 91.38320948810856, 66.30636517358278, 37.60816193199424, 92.02614887903566, 22.447565276634688, 72.08215762316736, 27.07073047027023, 124.88436138794667, 20.563212282660892, 68.65545614070153, 52.451389288669375, 27.75040556833401, 81.89622972602288, 33.46407895442429, 35.984212429730505, 35.68441095549842, 62.34250864850352, 50.58736005239287, 69.9419870561081, 64.33350462112766, 7.39874916906802, 21.78304876687993, 31.1521696972844, 27.796430392705687, 23.187429781783724, 50.74043985108714, 28.311209970895476, 24.179573597208236, 6.668995515503423, 62.95740511860138, 20.79785720304032, 24.34897458924534, 75.00247873015392, 29.21499978585459, 38.644473303848365, 41.072326949394444, 73.37623012095698, 30.448642477139266]

landmark_2:
Frequency (Hz): [0.0, 0.006666666666666667, 0.013333333333333334, 0.02, 0.02666666666666667, 0.03333333333333333, 0.04, 0.04666666666666667, 0.05333333333333334, 0.060000000000000005, 0.06666666666666667, 0.07333333333333333, 0.08, 0.08666666666666667, 0.09333333333333334, 0.1, 0.10666666666666667, 0.11333333333333334, 0.12000000000000001, 0.12666666666666668, 0.13333333333333333, 0.14, 0.14666666666666667, 0.15333333333333335, 0.16, 0.16666666666666669, 0.17333333333333334, 0.18000000000000002, 0.18666666666666668, 0.19333333333333336, 0.2, 0.2066666666666667, 0.21333333333333335, 0.22, 0.22666666666666668, 0.23333333333333334, 0.24000000000000002, 0.24666666666666667, 0.25333333333333335, 0.26, 0.26666666666666666, 0.2733333333333334, 0.28, 0.2866666666666667, 0.29333333333333333, 0.30000000000000004, 0.3066666666666667, 0.31333333333333335, 0.32, 0.32666666666666666, 0.33333333333333337, 0.34, 0.3466666666666667, 0.35333333333333333, 0.36000000000000004, 0.3666666666666667, 0.37333333333333335, 0.38, 0.3866666666666667, 0.39333333333333337, 0.4, 0.4066666666666667, 0.4133333333333334, 0.42000000000000004, 0.4266666666666667, 0.43333333333333335, 0.44, 0.4466666666666667, 0.45333333333333337, 0.46, 0.4666666666666667, 0.4733333333333334, 0.48000000000000004, 0.4866666666666667, 0.49333333333333335]
Amplitude: [90826.95365000842, 372.7236939318985, 1734.2761520840215, 228.68025789468948, 382.1933010764916, 456.1725724615518, 1210.7281196155504, 1056.3245895676462, 1037.6467749811459, 137.69658735776207, 100.48022653665413, 512.7261002361914, 294.3671185161393, 728.1114913997222, 270.29113049973745, 361.06763072020453, 172.85673212284007, 247.29471443520134, 95.70847732855663, 294.74971464010844, 121.82887814563999, 56.206949598845696, 48.07261713885376, 90.83395005522475, 252.31147650032625, 31.787725814424206, 210.78669330945587, 70.02445885857796, 28.69731012970977, 68.02501307911764, 177.71473563458963, 66.44383506737766, 144.01720100861607, 106.77590439516439, 83.91524402960057, 40.12242707146105, 50.139122959213196, 90.14887932901732, 68.0258691893816, 39.222691143848394, 89.45016589670874, 21.68508210235692, 73.67752364652938, 26.565792416535675, 123.11292410568058, 21.24737675754696, 70.28444146701112, 53.06402956954328, 26.52268811776363, 80.86560266521903, 32.9008035808586, 35.28036644852345, 36.98782410851223, 60.7599911015291, 50.239991786752476, 69.59773250407558, 63.345294104090534, 8.197915210277385, 22.967086036457157, 31.37865364995434, 26.91761711264074, 22.388258746281522, 51.108911111535384, 27.809109833548426, 24.11476249891801, 8.691655066220683, 64.11283739180524, 20.066174055955187, 23.426412981904527, 76.21791678912096, 28.567991894543347, 39.52336210373901, 40.762690002216154, 74.7752196639167, 32.023486780883665]

landmark_3:
Frequency (Hz): [0.0, 0.006666666666666667, 0.013333333333333334, 0.02, 0.02666666666666667, 0.03333333333333333, 0.04, 0.04666666666666667, 0.05333333333333334, 0.060000000000000005, 0.06666666666666667, 0.07333333333333333, 0.08, 0.08666666666666667, 0.09333333333333334, 0.1, 0.10666666666666667, 0.11333333333333334, 0.12000000000000001, 0.12666666666666668, 0.13333333333333333, 0.14, 0.14666666666666667, 0.15333333333333335, 0.16, 0.16666666666666669, 0.17333333333333334, 0.18000000000000002, 0.18666666666666668, 0.19333333333333336, 0.2, 0.2066666666666667, 0.21333333333333335, 0.22, 0.22666666666666668, 0.23333333333333334, 0.24000000000000002, 0.24666666666666667, 0.25333333333333335, 0.26, 0.26666666666666666, 0.2733333333333334, 0.28, 0.2866666666666667, 0.29333333333333333, 0.30000000000000004, 0.3066666666666667, 0.31333333333333335, 0.32, 0.32666666666666666, 0.33333333333333337, 0.34, 0.3466666666666667, 0.35333333333333333, 0.36000000000000004, 0.3666666666666667, 0.37333333333333335, 0.38, 0.3866666666666667, 0.39333333333333337, 0.4, 0.4066666666666667, 0.4133333333333334, 0.42000000000000004, 0.4266666666666667, 0.43333333333333335, 0.44, 0.4466666666666667, 0.45333333333333337, 0.46, 0.4666666666666667, 0.4733333333333334, 0.48000000000000004, 0.4866666666666667, 0.49333333333333335]
Amplitude: [90921.2898050418, 353.9712567447242, 1826.0164672531062, 218.78444505016185, 355.7900945874647, 478.0420327293019, 1241.8001030201797, 1065.1831926116815, 1029.1078951802922, 127.07155533796491, 106.66000760356727, 507.01549792548434, 299.25484644380117, 732.0735723214148, 268.6149114945341, 357.47836056610595, 170.4718537692762, 248.18724341515022, 98.80795552554676, 289.8122334459556, 117.62997555360441, 55.208478546779915, 49.93390300094387, 87.56633191327946, 253.03722075874097, 33.18077045319744, 209.55089500366117, 70.22042491604056, 31.303057439923872, 65.87964214216926, 176.21994974713252, 66.83663899790542, 141.67549398365907, 105.086235756623, 85.7736645043529, 38.772688695372935, 50.43312958698316, 89.58247330954397, 68.40138479088218, 40.85416152728359, 87.41490068051499, 20.01236675832667, 75.34550921552493, 25.9576987811647, 122.30596413021526, 20.378215847580165, 70.93828182079761, 53.43523531107642, 25.521331375372203, 81.50875046679054, 32.471688946916444, 34.58747400472414, 38.493289775616326, 59.3896662948775, 49.60688022940446, 69.63037194308303, 63.01684396685208, 9.113554567968956, 23.610169755099037, 31.159363390088387, 26.314273948271026, 22.306348046166804, 50.87929767169605, 27.611462543498725, 24.14614926318954, 9.518869761283929, 64.49827160422905, 19.398168377852013, 23.507403767537223, 77.16078526816236, 27.836914394472952, 39.62698952337006, 40.21721927807193, 76.1161755052988, 33.778409345387956]

landmark_4:
Frequency (Hz): [0.0, 0.006666666666666667, 0.013333333333333334, 0.02, 0.02666666666666667, 0.03333333333333333, 0.04, 0.04666666666666667, 0.05333333333333334, 0.060000000000000005, 0.06666666666666667, 0.07333333333333333, 0.08, 0.08666666666666667, 0.09333333333333334, 0.1, 0.10666666666666667, 0.11333333333333334, 0.12000000000000001, 0.12666666666666668, 0.13333333333333333, 0.14, 0.14666666666666667, 0.15333333333333335, 0.16, 0.16666666666666669, 0.17333333333333334, 0.18000000000000002, 0.18666666666666668, 0.19333333333333336, 0.2, 0.2066666666666667, 0.21333333333333335, 0.22, 0.22666666666666668, 0.23333333333333334, 0.24000000000000002, 0.24666666666666667, 0.25333333333333335, 0.26, 0.26666666666666666, 0.2733333333333334, 0.28, 0.2866666666666667, 0.29333333333333333, 0.30000000000000004, 0.3066666666666667, 0.31333333333333335, 0.32, 0.32666666666666666, 0.33333333333333337, 0.34, 0.3466666666666667, 0.35333333333333333, 0.36000000000000004, 0.3666666666666667, 0.37333333333333335, 0.38, 0.3866666666666667, 0.39333333333333337, 0.4, 0.4066666666666667, 0.4133333333333334, 0.42000000000000004, 0.4266666666666667, 0.43333333333333335, 0.44, 0.4466666666666667, 0.45333333333333337, 0.46, 0.4666666666666667, 0.4733333333333334, 0.48000000000000004, 0.4866666666666667, 0.49333333333333335]
Amplitude: [90525.64408586713, 432.6271530872958, 1484.904393291334, 225.70400119091846, 601.7728768569199, 428.8043206518083, 1037.9496177338995, 994.8116373210823, 1052.2418691294008, 175.94218932465503, 95.49500977940524, 506.4765255182156, 285.25021877479946, 693.578800517123, 242.83643865477993, 362.238888221876, 177.41518893081025, 215.18884289180633, 66.52397173258814, 270.29121240884314, 111.04162238496916, 58.52534211978366, 34.6390746409165, 107.42347142067051, 228.89390231910005, 48.94282199541127, 176.56614564071998, 69.90212482562434, 6.5313948566992766, 46.640281871634365, 156.2893999480547, 49.78152223931343, 138.53168098817432, 101.0517369153776, 94.34515000687458, 20.764996550718763, 54.163784572215995, 100.72597570086434, 57.59053787820206, 57.28471250575665, 80.65680606133508, 19.268863641926707, 65.41858816925976, 22.566503346047416, 100.51390682041078, 39.07192398129614, 68.75409297158733, 72.90955029894843, 29.824026101894425, 88.24010867896091, 45.846485043787716, 34.95374214314655, 60.37315092183649, 51.44180024199896, 49.18942159139453, 70.00362523521629, 47.656185414007815, 18.934086191165697, 11.179274549654876, 23.990029995043727, 24.17553371885776, 22.401935085578323, 50.19063731426154, 30.993240585648014, 30.474439514102148, 16.892407406863594, 49.7259021127924, 19.865830514961694, 20.620062727303278, 75.6211291577308, 26.281255594363913, 29.222096299616133, 35.95985100771744, 78.49213112760499, 26.008893984622745]

landmark_5:
Frequency (Hz): [0.0, 0.006666666666666667, 0.013333333333333334, 0.02, 0.02666666666666667, 0.03333333333333333, 0.04, 0.04666666666666667, 0.05333333333333334, 0.060000000000000005, 0.06666666666666667, 0.07333333333333333, 0.08, 0.08666666666666667, 0.09333333333333334, 0.1, 0.10666666666666667, 0.11333333333333334, 0.12000000000000001, 0.12666666666666668, 0.13333333333333333, 0.14, 0.14666666666666667, 0.15333333333333335, 0.16, 0.16666666666666669, 0.17333333333333334, 0.18000000000000002, 0.18666666666666668, 0.19333333333333336, 0.2, 0.2066666666666667, 0.21333333333333335, 0.22, 0.22666666666666668, 0.23333333333333334, 0.24000000000000002, 0.24666666666666667, 0.25333333333333335, 0.26, 0.26666666666666666, 0.2733333333333334, 0.28, 0.2866666666666667, 0.29333333333333333, 0.30000000000000004, 0.3066666666666667, 0.31333333333333335, 0.32, 0.32666666666666666, 0.33333333333333337, 0.34, 0.3466666666666667, 0.35333333333333333, 0.36000000000000004, 0.3666666666666667, 0.37333333333333335, 0.38, 0.3866666666666667, 0.39333333333333337, 0.4, 0.4066666666666667, 0.4133333333333334, 0.42000000000000004, 0.4266666666666667, 0.43333333333333335, 0.44, 0.4466666666666667, 0.45333333333333337, 0.46, 0.4666666666666667, 0.4733333333333334, 0.48000000000000004, 0.4866666666666667, 0.49333333333333335]
Amplitude: [90518.68241150709, 425.57472445853733, 1389.753917907185, 231.36987878179818, 584.7131491025092, 441.4476561425126, 1017.8585266961818, 979.332946985615, 1049.5884897240237, 181.6227527610746, 90.5934178834565, 512.2363988925664, 284.7060141652451, 699.1423022790384, 236.4777566040944, 363.02927385066675, 178.01471408174072, 217.8232548596917, 72.0407242392811, 270.8316524157349, 115.21060814159263, 62.66679048320672, 33.47681824344793, 105.53418185573022, 230.1323662280142, 49.04835376538051, 178.09944839567783, 70.34047049469879, 5.189269738289914, 48.61301459700088, 157.20980119048266, 50.571816421424884, 138.19808058137014, 99.79195609324735, 94.98295703628816, 20.00681574177982, 52.63182808165663, 101.21443102029704, 58.550563965802446, 57.91140167522552, 79.03920117412132, 19.49271484218659, 66.13979089251744, 21.156517895632117, 100.38036683795073, 39.50215999797967, 68.96186602948848, 74.52565012114079, 29.424915954698854, 89.09345536866803, 44.96391181049615, 33.94929689913966, 61.45482044479746, 51.24117770304877, 49.27134283094667, 69.46413219133558, 46.7056511940258, 19.06290639477714, 11.21865656708728, 24.06621367635167, 23.791639208260868, 21.78777431947293, 50.52975187610259, 31.5429582085351, 31.15636226753128, 17.770189049030407, 49.28566928453301, 20.53276741908643, 20.930143035224933, 75.50288801949299, 26.53087559414404, 29.257149747494527, 36.1723611463662, 78.38496928724541, 25.82435816591685]

landmark_6:
Frequency (Hz): [0.0, 0.006666666666666667, 0.013333333333333334, 0.02, 0.02666666666666667, 0.03333333333333333, 0.04, 0.04666666666666667, 0.05333333333333334, 0.060000000000000005, 0.06666666666666667, 0.07333333333333333, 0.08, 0.08666666666666667, 0.09333333333333334, 0.1, 0.10666666666666667, 0.11333333333333334, 0.12000000000000001, 0.12666666666666668, 0.13333333333333333, 0.14, 0.14666666666666667, 0.15333333333333335, 0.16, 0.16666666666666669, 0.17333333333333334, 0.18000000000000002, 0.18666666666666668, 0.19333333333333336, 0.2, 0.2066666666666667, 0.21333333333333335, 0.22, 0.22666666666666668, 0.23333333333333334, 0.24000000000000002, 0.24666666666666667, 0.25333333333333335, 0.26, 0.26666666666666666, 0.2733333333333334, 0.28, 0.2866666666666667, 0.29333333333333333, 0.30000000000000004, 0.3066666666666667, 0.31333333333333335, 0.32, 0.32666666666666666, 0.33333333333333337, 0.34, 0.3466666666666667, 0.35333333333333333, 0.36000000000000004, 0.3666666666666667, 0.37333333333333335, 0.38, 0.3866666666666667, 0.39333333333333337, 0.4, 0.4066666666666667, 0.4133333333333334, 0.42000000000000004, 0.4266666666666667, 0.43333333333333335, 0.44, 0.4466666666666667, 0.45333333333333337, 0.46, 0.4666666666666667, 0.4733333333333334, 0.48000000000000004, 0.4866666666666667, 0.49333333333333335]
Amplitude: [90513.70516034064, 420.3663356431891, 1294.5973927789264, 242.06786790718542, 562.9134415051799, 448.6060644921743, 1009.518251687488, 964.764426631241, 1053.275181322213, 183.37158314982355, 81.09834221768581, 517.6890648111917, 286.91576803198535, 704.0490332665657, 230.73872603064646, 360.52199105718773, 175.40939317705605, 222.06165120207862, 72.36480962358426, 270.49107704102937, 115.96399247986328, 64.60885990621314, 31.847115877798323, 105.45801296478894, 229.36710343328792, 49.2211152996462, 179.251590709117, 71.07619196067556, 5.0365041626013385, 50.69524585474978, 156.4706992114665, 49.35781066219742, 139.08485155292558, 100.66014403814283, 95.94768572118247, 18.996420758826, 52.16642446895421, 102.11696571788026, 59.13679810305274, 59.18199211724706, 78.14801992925965, 19.047357089090024, 67.17635634880132, 20.50493950143962, 101.3314294655711, 38.90754766625452, 68.93435618201903, 75.90427456379346, 28.92263084733529, 88.92223481304372, 43.5389183040246, 33.532051926486595, 63.25813863974754, 49.67315393376838, 48.702248013280695, 69.89478855326891, 45.94383550520467, 19.103036278015008, 11.417256042116291, 23.266700997552718, 22.838262067965868, 21.82692362796267, 50.1480860330968, 31.32624601398296, 30.118088574740014, 19.00738057032786, 49.415452132596165, 21.132222721799838, 21.3925689799407, 75.02703933805967, 26.324688813958836, 29.701653289274844, 35.52769043550563, 78.36504110878286, 25.135690211276877]

landmark_7:
Frequency (Hz): [0.0, 0.006666666666666667, 0.013333333333333334, 0.02, 0.02666666666666667, 0.03333333333333333, 0.04, 0.04666666666666667, 0.05333333333333334, 0.060000000000000005, 0.06666666666666667, 0.07333333333333333, 0.08, 0.08666666666666667, 0.09333333333333334, 0.1, 0.10666666666666667, 0.11333333333333334, 0.12000000000000001, 0.12666666666666668, 0.13333333333333333, 0.14, 0.14666666666666667, 0.15333333333333335, 0.16, 0.16666666666666669, 0.17333333333333334, 0.18000000000000002, 0.18666666666666668, 0.19333333333333336, 0.2, 0.2066666666666667, 0.21333333333333335, 0.22, 0.22666666666666668, 0.23333333333333334, 0.24000000000000002, 0.24666666666666667, 0.25333333333333335, 0.26, 0.26666666666666666, 0.2733333333333334, 0.28, 0.2866666666666667, 0.29333333333333333, 0.30000000000000004, 0.3066666666666667, 0.31333333333333335, 0.32, 0.32666666666666666, 0.33333333333333337, 0.34, 0.3466666666666667, 0.35333333333333333, 0.36000000000000004, 0.3666666666666667, 0.37333333333333335, 0.38, 0.3866666666666667, 0.39333333333333337, 0.4, 0.4066666666666667, 0.4133333333333334, 0.42000000000000004, 0.4266666666666667, 0.43333333333333335, 0.44, 0.4466666666666667, 0.45333333333333337, 0.46, 0.4666666666666667, 0.4733333333333334, 0.48000000000000004, 0.4866666666666667, 0.49333333333333335]
Amplitude: [89271.4872643552, 252.19385268427447, 628.0867858934442, 418.7429655528577, 397.96343256129063, 391.47867693525814, 687.3653978465251, 480.235160183422, 557.8178244522062, 182.57204284626928, 180.85824322334165, 388.9276236495049, 206.51951848125574, 556.0936866683886, 234.70907333453204, 222.8494839080978, 149.02297347725414, 225.86339876416497, 47.823830443649236, 288.6929037514843, 80.54089744771015, 107.56752174457496, 24.651155628441778, 67.35023077928928, 177.7692887092452, 35.749575461866236, 170.2844996294306, 64.99222345211513, 72.66736130619078, 29.622523264821503, 122.32452929643655, 56.40505322643003, 107.04722504730269, 63.57786294745688, 37.40617259772002, 16.616112247257263, 18.430205792784932, 71.694291372848, 53.59268903385426, 51.58921376656074, 61.75803715019516, 31.853899246268558, 91.78121127740778, 43.85699165662119, 66.20896564503745, 14.204929733861825, 24.653011115660895, 29.397834823323034, 21.769877166568637, 45.80565634047539, 13.068212908728013, 40.93595747717483, 20.57594563994106, 46.54895996564419, 41.47602627589038, 31.737219137645017, 12.345289231859462, 11.001073192511193, 9.903302523296102, 13.057091998597105, 14.499906411201676, 11.29215266740106, 34.92336760813184, 4.615969374056865, 7.675380836464392, 12.680122137678476, 47.90698974448789, 9.524125015401623, 23.597893858094196, 59.29259295431956, 25.77132711045358, 36.7525858760057, 29.08134427584204, 49.593145844638904, 27.868010219575922]

landmark_8:
Frequency (Hz): [0.0, 0.006666666666666667, 0.013333333333333334, 0.02, 0.02666666666666667, 0.03333333333333333, 0.04, 0.04666666666666667, 0.05333333333333334, 0.060000000000000005, 0.06666666666666667, 0.07333333333333333, 0.08, 0.08666666666666667, 0.09333333333333334, 0.1, 0.10666666666666667, 0.11333333333333334, 0.12000000000000001, 0.12666666666666668, 0.13333333333333333, 0.14, 0.14666666666666667, 0.15333333333333335, 0.16, 0.16666666666666669, 0.17333333333333334, 0.18000000000000002, 0.18666666666666668, 0.19333333333333336, 0.2, 0.2066666666666667, 0.21333333333333335, 0.22, 0.22666666666666668, 0.23333333333333334, 0.24000000000000002, 0.24666666666666667, 0.25333333333333335, 0.26, 0.26666666666666666, 0.2733333333333334, 0.28, 0.2866666666666667, 0.29333333333333333, 0.30000000000000004, 0.3066666666666667, 0.31333333333333335, 0.32, 0.32666666666666666, 0.33333333333333337, 0.34, 0.3466666666666667, 0.35333333333333333, 0.36000000000000004, 0.3666666666666667, 0.37333333333333335, 0.38, 0.3866666666666667, 0.39333333333333337, 0.4, 0.4066666666666667, 0.4133333333333334, 0.42000000000000004, 0.4266666666666667, 0.43333333333333335, 0.44, 0.4466666666666667, 0.45333333333333337, 0.46, 0.4666666666666667, 0.4733333333333334, 0.48000000000000004, 0.4866666666666667, 0.49333333333333335]
Amplitude: [88171.26719571228, 440.1917086171685, 41.52413338259492, 221.81708573476698, 380.4525111891674, 147.39106117778294, 306.3418163808119, 364.84187727288224, 539.2984989344458, 146.2206805705989, 94.66258980894504, 320.5723442428612, 168.05661885825228, 418.4934046835612, 160.21086067589337, 242.92192244760565, 91.02129484517302, 124.14763381654977, 57.83920084679807, 174.71567295227487, 69.38997508974201, 79.0206424254612, 38.72372448118704, 48.71891742821694, 144.83694288749757, 61.68946557005793, 123.44871638223239, 52.29518042908203, 13.33083558387985, 20.525950814970386, 100.1061566048737, 23.79632702407872, 95.89391052170467, 52.14121998985746, 62.564949986112346, 37.93639683198727, 16.567696538643656, 50.27857222391111, 29.57573803521914, 53.91705110114365, 22.576551716353002, 11.771153703040543, 37.91306443128879, 16.867471449918906, 19.757580868752033, 33.25458821769968, 27.607590629388362, 48.96714627818786, 25.303918599377624, 45.57589428025634, 32.35566689379013, 26.950213326410335, 42.69190235208734, 34.41259107894491, 39.585216067422465, 36.968903087845334, 10.686510458126659, 25.000711503971747, 9.165027094009254, 8.24236942861503, 25.93123894913451, 20.778857415309417, 37.24078657301401, 7.087839454510915, 5.857788932917895, 17.503603248979186, 36.93372324668256, 18.152913722927387, 34.56138062200041, 37.76145393452514, 1.9413214731967736, 25.756038076733166, 8.925615395268268, 29.67558005793758, 8.780116680762703]

landmark_9:
Frequency (Hz): [0.0, 0.006666666666666667, 0.013333333333333334, 0.02, 0.02666666666666667, 0.03333333333333333, 0.04, 0.04666666666666667, 0.05333333333333334, 0.060000000000000005, 0.06666666666666667, 0.07333333333333333, 0.08, 0.08666666666666667, 0.09333333333333334, 0.1, 0.10666666666666667, 0.11333333333333334, 0.12000000000000001, 0.12666666666666668, 0.13333333333333333, 0.14, 0.14666666666666667, 0.15333333333333335, 0.16, 0.16666666666666669, 0.17333333333333334, 0.18000000000000002, 0.18666666666666668, 0.19333333333333336, 0.2, 0.2066666666666667, 0.21333333333333335, 0.22, 0.22666666666666668, 0.23333333333333334, 0.24000000000000002, 0.24666666666666667, 0.25333333333333335, 0.26, 0.26666666666666666, 0.2733333333333334, 0.28, 0.2866666666666667, 0.29333333333333333, 0.30000000000000004, 0.3066666666666667, 0.31333333333333335, 0.32, 0.32666666666666666, 0.33333333333333337, 0.34, 0.3466666666666667, 0.35333333333333333, 0.36000000000000004, 0.3666666666666667, 0.37333333333333335, 0.38, 0.3866666666666667, 0.39333333333333337, 0.4, 0.4066666666666667, 0.4133333333333334, 0.42000000000000004, 0.4266666666666667, 0.43333333333333335, 0.44, 0.4466666666666667, 0.45333333333333337, 0.46, 0.4666666666666667, 0.4733333333333334, 0.48000000000000004, 0.4866666666666667, 0.49333333333333335]
Amplitude: [87934.38051471053, 463.34799922009233, 1186.8061889263486, 311.6042614975711, 461.42434764084516, 390.7972110412547, 1058.864098373821, 982.2747816621019, 952.261440362629, 92.5356346384867, 80.65896303205393, 493.91254831242236, 231.08226486795544, 628.6295288941574, 258.23860919564777, 348.6622022850019, 163.02134624705883, 221.1986637311472, 87.88940920112381, 317.0672786685432, 117.04499122370879, 55.49525567638993, 47.66693578227261, 96.26285730289275, 233.54077094091147, 34.09676286617205, 186.2548623709159, 57.80055604101639, 28.815239190445755, 50.931791620005136, 162.79778669972166, 57.31389200801739, 134.5033477609599, 99.76854413902944, 65.42497097312463, 46.00496739962487, 38.27277580406301, 81.50480870752942, 66.11507447361949, 30.15781708049684, 86.25196850072237, 18.560903280648347, 69.96287904939703, 23.4082044025743, 114.96900662953793, 9.110581361496594, 63.62060080091206, 43.467669775794796, 32.08560197048124, 72.70561095532739, 34.6357999050426, 33.904246114694104, 22.963612102081992, 56.82753584780222, 40.11586610394031, 65.16241025404392, 67.60321353801541, 9.693405425478083, 24.99691231876833, 31.85583513936997, 29.65841035917577, 24.565696299785458, 46.214160771889745, 27.27031472219056, 25.463467497984876, 3.8715781434538425, 58.06253016781105, 26.791308521881373, 22.926959835331008, 60.9713502507804, 28.596696983909368, 36.64920789375015, 40.209710138638854, 59.99353107257338, 26.477314527185662]

landmark_10:
Frequency (Hz): [0.0, 0.006666666666666667, 0.013333333333333334, 0.02, 0.02666666666666667, 0.03333333333333333, 0.04, 0.04666666666666667, 0.05333333333333334, 0.060000000000000005, 0.06666666666666667, 0.07333333333333333, 0.08, 0.08666666666666667, 0.09333333333333334, 0.1, 0.10666666666666667, 0.11333333333333334, 0.12000000000000001, 0.12666666666666668, 0.13333333333333333, 0.14, 0.14666666666666667, 0.15333333333333335, 0.16, 0.16666666666666669, 0.17333333333333334, 0.18000000000000002, 0.18666666666666668, 0.19333333333333336, 0.2, 0.2066666666666667, 0.21333333333333335, 0.22, 0.22666666666666668, 0.23333333333333334, 0.24000000000000002, 0.24666666666666667, 0.25333333333333335, 0.26, 0.26666666666666666, 0.2733333333333334, 0.28, 0.2866666666666667, 0.29333333333333333, 0.30000000000000004, 0.3066666666666667, 0.31333333333333335, 0.32, 0.32666666666666666, 0.33333333333333337, 0.34, 0.3466666666666667, 0.35333333333333333, 0.36000000000000004, 0.3666666666666667, 0.37333333333333335, 0.38, 0.3866666666666667, 0.39333333333333337, 0.4, 0.4066666666666667, 0.4133333333333334, 0.42000000000000004, 0.4266666666666667, 0.43333333333333335, 0.44, 0.4466666666666667, 0.45333333333333337, 0.46, 0.4666666666666667, 0.4733333333333334, 0.48000000000000004, 0.4866666666666667, 0.49333333333333335]
Amplitude: [87632.82202262, 494.64033803637153, 995.7688028357746, 287.3564669329559, 673.0051087699597, 412.969115544736, 858.5232789101744, 907.8276094705069, 942.9243174436667, 112.61419011974493, 82.42057276621759, 461.27449567943677, 225.989382181527, 584.2347370324818, 207.53079312178895, 338.2085716818815, 173.61316247613684, 175.19920969134762, 63.01747019867513, 268.56145576789066, 99.78390525557953, 50.816090585667126, 36.69429324186682, 107.82165592868718, 204.8593165923525, 54.86881754593544, 150.91277688034057, 63.98197752894043, 12.61624775280775, 24.856728887948005, 138.52501318581872, 43.51562348516712, 131.06594077128486, 91.32783640376776, 79.7888730704098, 21.02660907060971, 43.031371708074474, 94.01655527725663, 53.61912231493877, 56.94009791058258, 74.14644941661932, 17.23319941041312, 59.606600613849125, 20.076596532134868, 85.40838539028209, 36.068881889958675, 65.57740601709651, 69.38343156483032, 28.325827285803282, 75.67728027124272, 48.62162022319738, 27.409232064114153, 53.5282120505276, 44.9860791067716, 34.87854850471299, 65.00959095629044, 42.66595273893175, 20.289154395275187, 11.827743184297816, 22.009873351379472, 26.71040274614356, 21.733837377597894, 43.615639920591136, 31.026714971857384, 33.032513542638306, 15.672634992991938, 37.32663833271214, 22.920946404314773, 16.17905229456953, 64.11464553166327, 25.62481117728751, 21.205592542179485, 32.33752189722349, 68.40515798403808, 20.800407141803433]

landmark_11:
Frequency (Hz): [0.0, 0.006666666666666667, 0.013333333333333334, 0.02, 0.02666666666666667, 0.03333333333333333, 0.04, 0.04666666666666667, 0.05333333333333334, 0.060000000000000005, 0.06666666666666667, 0.07333333333333333, 0.08, 0.08666666666666667, 0.09333333333333334, 0.1, 0.10666666666666667, 0.11333333333333334, 0.12000000000000001, 0.12666666666666668, 0.13333333333333333, 0.14, 0.14666666666666667, 0.15333333333333335, 0.16, 0.16666666666666669, 0.17333333333333334, 0.18000000000000002, 0.18666666666666668, 0.19333333333333336, 0.2, 0.2066666666666667, 0.21333333333333335, 0.22, 0.22666666666666668, 0.23333333333333334, 0.24000000000000002, 0.24666666666666667, 0.25333333333333335, 0.26, 0.26666666666666666, 0.2733333333333334, 0.28, 0.2866666666666667, 0.29333333333333333, 0.30000000000000004, 0.3066666666666667, 0.31333333333333335, 0.32, 0.32666666666666666, 0.33333333333333337, 0.34, 0.3466666666666667, 0.35333333333333333, 0.36000000000000004, 0.3666666666666667, 0.37333333333333335, 0.38, 0.3866666666666667, 0.39333333333333337, 0.4, 0.4066666666666667, 0.4133333333333334, 0.42000000000000004, 0.4266666666666667, 0.43333333333333335, 0.44, 0.4466666666666667, 0.45333333333333337, 0.46, 0.4666666666666667, 0.4733333333333334, 0.48000000000000004, 0.4866666666666667, 0.49333333333333335]
Amplitude: [85374.82117886917, 478.7262848434956, 911.8338293562475, 717.8237052148197, 1136.0584657354402, 688.1522047537355, 338.87387071657747, 234.39922681930116, 251.4477139834307, 204.32949515253182, 250.56708071225188, 186.4650542801058, 153.2045732756454, 376.1387874973744, 210.659776763538, 174.9869250962596, 132.46920977042313, 260.4019752523564, 55.73096923277498, 277.52192044072393, 106.25818553416612, 98.97222702100372, 42.71089233758555, 115.85646335642718, 158.1117678657982, 66.60431458539718, 128.93036550383337, 35.011914973790155, 61.92319163764606, 19.032683660928004, 66.37331478624424, 64.47175084235475, 111.72955431296484, 39.55320896255555, 61.623673959981225, 37.07982177508951, 15.361646899580634, 56.02372989717836, 46.501250300023464, 47.773800978854005, 81.90454519100552, 36.270581688675044, 96.35327353353043, 29.874441618678848, 49.22504393172411, 27.098501324563035, 18.20724591853301, 36.27731677632474, 6.257492771146864, 31.3526276153449, 6.3371920507261645, 34.26465678798446, 33.68373741640401, 25.069466040584537, 60.624865017473, 29.669172821381185, 23.123750989683675, 10.144312205667394, 13.073643952677497, 21.41736625893107, 24.451247976061474, 12.055454234765737, 24.472456470666657, 8.815010159149196, 14.996818449313993, 12.611165315149403, 22.270326830837277, 14.810076478199786, 26.18262431986248, 35.121977882980886, 23.334807355802603, 18.63669601249635, 8.33312461267784, 37.76996861374031, 23.48385734226278]

landmark_12:
Frequency (Hz): [0.0, 0.006666666666666667, 0.013333333333333334, 0.02, 0.02666666666666667, 0.03333333333333333, 0.04, 0.04666666666666667, 0.05333333333333334, 0.060000000000000005, 0.06666666666666667, 0.07333333333333333, 0.08, 0.08666666666666667, 0.09333333333333334, 0.1, 0.10666666666666667, 0.11333333333333334, 0.12000000000000001, 0.12666666666666668, 0.13333333333333333, 0.14, 0.14666666666666667, 0.15333333333333335, 0.16, 0.16666666666666669, 0.17333333333333334, 0.18000000000000002, 0.18666666666666668, 0.19333333333333336, 0.2, 0.2066666666666667, 0.21333333333333335, 0.22, 0.22666666666666668, 0.23333333333333334, 0.24000000000000002, 0.24666666666666667, 0.25333333333333335, 0.26, 0.26666666666666666, 0.2733333333333334, 0.28, 0.2866666666666667, 0.29333333333333333, 0.30000000000000004, 0.3066666666666667, 0.31333333333333335, 0.32, 0.32666666666666666, 0.33333333333333337, 0.34, 0.3466666666666667, 0.35333333333333333, 0.36000000000000004, 0.3666666666666667, 0.37333333333333335, 0.38, 0.3866666666666667, 0.39333333333333337, 0.4, 0.4066666666666667, 0.4133333333333334, 0.42000000000000004, 0.4266666666666667, 0.43333333333333335, 0.44, 0.4466666666666667, 0.45333333333333337, 0.46, 0.4666666666666667, 0.4733333333333334, 0.48000000000000004, 0.4866666666666667, 0.49333333333333335]
Amplitude: [82798.44344486427, 478.3923995996308, 1811.18377488456, 61.15205230242185, 39.61054146490041, 87.90893020112085, 566.4965239764763, 320.46571854995403, 169.02501142347487, 132.31605372515864, 169.39173174545687, 196.01288288235978, 148.5026089968936, 105.06997333694338, 174.8345247604846, 146.98832400995533, 39.92716679449872, 20.638114167951887, 66.76516787642058, 57.46162299095598, 11.588957350726004, 83.79631882968008, 66.92121844420696, 64.7413947826621, 73.35354783036175, 46.41652774192911, 59.72993939129145, 35.1403893415889, 19.709478162770175, 20.480707617114188, 50.92478421681841, 9.085322555050698, 70.1424580159765, 46.855898101060745, 41.76442484261573, 67.2556670780372, 11.803185761159456, 31.628300620852865, 16.034042502125413, 34.48047839063826, 34.245125986953845, 57.65793820025028, 19.86972883686166, 12.108241328883201, 23.869192112067825, 37.27707892182308, 46.06142154821958, 27.119795136430614, 36.98144109575472, 23.516078481783303, 20.375329965514673, 12.953846722720304, 10.508539561065719, 16.46401538699947, 27.77359804350755, 21.05871755266846, 3.9926102990871284, 14.352431181620295, 22.340292057757562, 9.793180338530442, 6.136118508214182, 23.447295828946363, 30.980692219322673, 9.392938225063462, 14.965508196178119, 17.771358810443658, 8.045970872749955, 31.389183695838376, 4.204327753971537, 12.766099095863856, 9.890534418750432, 15.824945308546997, 3.628460161720232, 27.104226159789615, 27.963450290819985]

landmark_13:
Frequency (Hz): [0.0, 0.006666666666666667, 0.013333333333333334, 0.02, 0.02666666666666667, 0.03333333333333333, 0.04, 0.04666666666666667, 0.05333333333333334, 0.060000000000000005, 0.06666666666666667, 0.07333333333333333, 0.08, 0.08666666666666667, 0.09333333333333334, 0.1, 0.10666666666666667, 0.11333333333333334, 0.12000000000000001, 0.12666666666666668, 0.13333333333333333, 0.14, 0.14666666666666667, 0.15333333333333335, 0.16, 0.16666666666666669, 0.17333333333333334, 0.18000000000000002, 0.18666666666666668, 0.19333333333333336, 0.2, 0.2066666666666667, 0.21333333333333335, 0.22, 0.22666666666666668, 0.23333333333333334, 0.24000000000000002, 0.24666666666666667, 0.25333333333333335, 0.26, 0.26666666666666666, 0.2733333333333334, 0.28, 0.2866666666666667, 0.29333333333333333, 0.30000000000000004, 0.3066666666666667, 0.31333333333333335, 0.32, 0.32666666666666666, 0.33333333333333337, 0.34, 0.3466666666666667, 0.35333333333333333, 0.36000000000000004, 0.3666666666666667, 0.37333333333333335, 0.38, 0.3866666666666667, 0.39333333333333337, 0.4, 0.4066666666666667, 0.4133333333333334, 0.42000000000000004, 0.4266666666666667, 0.43333333333333335, 0.44, 0.4466666666666667, 0.45333333333333337, 0.46, 0.4666666666666667, 0.4733333333333334, 0.48000000000000004, 0.4866666666666667, 0.49333333333333335]
Amplitude: [87941.69712135536, 2934.627852661273, 1022.7378995669402, 692.3513939880698, 3154.668598739019, 1931.0019816438355, 1488.0012333843113, 666.2067864734572, 492.7250054270577, 239.83423816579025, 434.60895204525207, 159.9528114465234, 150.59229537614965, 366.0938465959045, 358.54676694365907, 101.46130100841478, 457.96798677278014, 159.3435958972272, 154.87247184528323, 303.6313166173092, 268.75584931574775, 263.75620506531726, 262.03340284487626, 638.6263871571913, 167.86019298771714, 125.32124429615797, 205.33693877946118, 240.61926517209204, 115.72051343774034, 111.91575602791043, 141.49677820834756, 106.31520131786246, 146.848187953077, 105.11902177711022, 210.98900308930143, 90.57881458472535, 179.40681130000297, 295.3198815467409, 82.5357737066626, 29.838389210955395, 185.60745559604598, 89.68423151384226, 99.41876932806377, 131.40641577705983, 140.94196837482124, 25.935359402831324, 65.39052326048409, 159.19557462944294, 73.53628470969235, 33.98531051668074, 146.71328623140676, 46.794292846882755, 32.01045931539909, 49.963722150291964, 113.89757213665297, 139.16600460143744, 149.81315816127972, 30.215189183678856, 59.37329381936026, 49.36365778170346, 89.60197994324061, 106.25975932664889, 125.89364055016354, 140.18885652382446, 31.307300934212297, 7.273724299233384, 38.251807380971094, 47.10442334824175, 102.91890185267484, 71.22373257162971, 37.30366863297365, 90.28818479331102, 96.16841059956961, 74.98068911612651, 49.89862512347326]

landmark_14:
Frequency (Hz): [0.0, 0.006666666666666667, 0.013333333333333334, 0.02, 0.02666666666666667, 0.03333333333333333, 0.04, 0.04666666666666667, 0.05333333333333334, 0.060000000000000005, 0.06666666666666667, 0.07333333333333333, 0.08, 0.08666666666666667, 0.09333333333333334, 0.1, 0.10666666666666667, 0.11333333333333334, 0.12000000000000001, 0.12666666666666668, 0.13333333333333333, 0.14, 0.14666666666666667, 0.15333333333333335, 0.16, 0.16666666666666669, 0.17333333333333334, 0.18000000000000002, 0.18666666666666668, 0.19333333333333336, 0.2, 0.2066666666666667, 0.21333333333333335, 0.22, 0.22666666666666668, 0.23333333333333334, 0.24000000000000002, 0.24666666666666667, 0.25333333333333335, 0.26, 0.26666666666666666, 0.2733333333333334, 0.28, 0.2866666666666667, 0.29333333333333333, 0.30000000000000004, 0.3066666666666667, 0.31333333333333335, 0.32, 0.32666666666666666, 0.33333333333333337, 0.34, 0.3466666666666667, 0.35333333333333333, 0.36000000000000004, 0.3666666666666667, 0.37333333333333335, 0.38, 0.3866666666666667, 0.39333333333333337, 0.4, 0.4066666666666667, 0.4133333333333334, 0.42000000000000004, 0.4266666666666667, 0.43333333333333335, 0.44, 0.4466666666666667, 0.45333333333333337, 0.46, 0.4666666666666667, 0.4733333333333334, 0.48000000000000004, 0.4866666666666667, 0.49333333333333335]
Amplitude: [85328.8236105366, 2071.444498178605, 2462.775177595288, 175.79492514381457, 407.0867408754977, 542.944653050166, 1553.7623446190016, 1202.2426960917796, 697.4785695806778, 861.1825597001277, 396.63278324900443, 1735.6871111812964, 338.06553402571006, 428.95530341238464, 547.3043161580058, 464.609334780019, 196.8979194807059, 454.56044034877294, 301.0589736503708, 554.9982794551062, 823.1803376554884, 111.3245285414495, 454.9130979265611, 421.7034501634741, 70.36921031750006, 143.57503628537467, 123.34035741012114, 409.250925749004, 133.36482922145206, 111.77052186375484, 213.57475135048705, 490.5577994593629, 124.71250196980775, 234.66145862150694, 324.70524729624503, 173.08592891891234, 213.38327664883877, 350.3225847776273, 229.89198077569816, 49.09656498794581, 196.74753322226385, 371.2001760657646, 302.11152388656103, 90.80347423341453, 135.9446426290602, 43.41278767160971, 200.2791168012733, 124.09892848931402, 248.42005517133197, 25.21312041801288, 131.22850177982764, 207.79011172648808, 120.00165620272723, 116.04653357586697, 56.29172954809056, 153.67000700613835, 6.212719685522956, 147.98291983607328, 58.775071936306446, 57.915484714962254, 135.3053919949241, 47.62637243616587, 21.836053952543487, 102.9434137653217, 56.886142787254514, 57.46726376962261, 51.195016528140265, 191.53578037352003, 102.97154559990958, 141.7364241306559, 23.226741118285943, 77.77439698317136, 151.76000523667167, 110.9658938781538, 126.37490927699876]

landmark_15:
Frequency (Hz): [0.0, 0.006666666666666667, 0.013333333333333334, 0.02, 0.02666666666666667, 0.03333333333333333, 0.04, 0.04666666666666667, 0.05333333333333334, 0.060000000000000005, 0.06666666666666667, 0.07333333333333333, 0.08, 0.08666666666666667, 0.09333333333333334, 0.1, 0.10666666666666667, 0.11333333333333334, 0.12000000000000001, 0.12666666666666668, 0.13333333333333333, 0.14, 0.14666666666666667, 0.15333333333333335, 0.16, 0.16666666666666669, 0.17333333333333334, 0.18000000000000002, 0.18666666666666668, 0.19333333333333336, 0.2, 0.2066666666666667, 0.21333333333333335, 0.22, 0.22666666666666668, 0.23333333333333334, 0.24000000000000002, 0.24666666666666667, 0.25333333333333335, 0.26, 0.26666666666666666, 0.2733333333333334, 0.28, 0.2866666666666667, 0.29333333333333333, 0.30000000000000004, 0.3066666666666667, 0.31333333333333335, 0.32, 0.32666666666666666, 0.33333333333333337, 0.34, 0.3466666666666667, 0.35333333333333333, 0.36000000000000004, 0.3666666666666667, 0.37333333333333335, 0.38, 0.3866666666666667, 0.39333333333333337, 0.4, 0.4066666666666667, 0.4133333333333334, 0.42000000000000004, 0.4266666666666667, 0.43333333333333335, 0.44, 0.4466666666666667, 0.45333333333333337, 0.46, 0.4666666666666667, 0.4733333333333334, 0.48000000000000004, 0.4866666666666667, 0.49333333333333335]
Amplitude: [94768.36908939782, 5420.014677372524, 1930.6801309526545, 1504.3997880263144, 5333.590696082278, 3464.1816677698275, 3877.186934461881, 1538.3804145559648, 1587.28173971178, 1489.730710016324, 98.08999055433594, 491.52608552210427, 825.8718276791872, 488.93199642937464, 480.0799683788845, 701.2483441645039, 740.6488666560765, 338.16881718180485, 612.3929307818743, 415.0369437930564, 702.2404227995983, 729.0379475829506, 910.3246165355, 1412.9567586440273, 224.10123038307546, 57.02922929907954, 584.1292631164115, 535.4818726579232, 71.89299618285972, 55.19136165472907, 665.5852028582639, 309.9459162923971, 240.1146585023807, 340.51693832198373, 586.2053281677893, 374.1909570056582, 648.5108704903207, 957.5210745294034, 126.80163525492618, 147.93934329622243, 395.4676275983511, 222.82921643715233, 184.60589370306496, 328.0962598597078, 339.05228265806795, 83.26133414224927, 293.6349962907315, 327.1597406967377, 329.54877621096387, 163.28790635169693, 516.8286856680625, 91.4377630561521, 95.33582865327062, 158.2080760574801, 170.04433537102602, 295.7934003908396, 285.37591334766563, 129.32820128960464, 215.49805168819051, 47.56904025057839, 258.31206098847014, 314.99131524035914, 334.19921567146184, 338.66145340266513, 31.90941000260213, 31.583116727094996, 44.260869171039495, 49.69513390362693, 347.39483413982975, 226.1102563835164, 111.1718616369907, 325.59308344543615, 231.35507652258738, 273.2866503616214, 113.76443219949377]

landmark_16:
Frequency (Hz): [0.0, 0.006666666666666667, 0.013333333333333334, 0.02, 0.02666666666666667, 0.03333333333333333, 0.04, 0.04666666666666667, 0.05333333333333334, 0.060000000000000005, 0.06666666666666667, 0.07333333333333333, 0.08, 0.08666666666666667, 0.09333333333333334, 0.1, 0.10666666666666667, 0.11333333333333334, 0.12000000000000001, 0.12666666666666668, 0.13333333333333333, 0.14, 0.14666666666666667, 0.15333333333333335, 0.16, 0.16666666666666669, 0.17333333333333334, 0.18000000000000002, 0.18666666666666668, 0.19333333333333336, 0.2, 0.2066666666666667, 0.21333333333333335, 0.22, 0.22666666666666668, 0.23333333333333334, 0.24000000000000002, 0.24666666666666667, 0.25333333333333335, 0.26, 0.26666666666666666, 0.2733333333333334, 0.28, 0.2866666666666667, 0.29333333333333333, 0.30000000000000004, 0.3066666666666667, 0.31333333333333335, 0.32, 0.32666666666666666, 0.33333333333333337, 0.34, 0.3466666666666667, 0.35333333333333333, 0.36000000000000004, 0.3666666666666667, 0.37333333333333335, 0.38, 0.3866666666666667, 0.39333333333333337, 0.4, 0.4066666666666667, 0.4133333333333334, 0.42000000000000004, 0.4266666666666667, 0.43333333333333335, 0.44, 0.4466666666666667, 0.45333333333333337, 0.46, 0.4666666666666667, 0.4733333333333334, 0.48000000000000004, 0.4866666666666667, 0.49333333333333335]
Amplitude: [93714.05969011234, 3740.2646385537473, 1084.2247447042591, 980.0123974391796, 2104.0980677256543, 1088.6931976246983, 3059.365597068947, 2062.0042293180177, 1546.0257982626715, 2944.0094249139042, 537.6192286456956, 4627.9530787318, 817.0538748480326, 783.7612738933534, 1536.6945709851714, 1652.081221257557, 424.9565326808044, 1314.132910553845, 762.7009146440677, 1229.7625897449273, 2252.551052030531, 179.81766776874798, 1187.3594704807247, 945.8679020012987, 837.3271204441631, 114.31072596166166, 504.1081895489914, 1156.130178148125, 512.5772740268371, 344.5089391580404, 541.7083498857688, 1277.246584244353, 124.43056232625736, 487.32021338975, 545.9144102905682, 316.3309882622275, 806.6884215692509, 671.1788759054882, 752.8749110348338, 206.21624246306388, 661.960091063693, 963.0756407200978, 943.2602034146735, 271.6723348231062, 394.4415712506868, 130.48934615083596, 513.9706319540312, 365.64150171566024, 581.5181092750308, 152.65603148563724, 293.88624605612284, 605.739081230208, 351.3395982535473, 303.25781424055975, 187.99982754917573, 443.233419761843, 69.65185298708936, 420.89051680141716, 158.70594266259127, 316.6893412619248, 282.685927440868, 108.04602438037921, 174.79324744476565, 200.0629537730191, 143.28628932455157, 150.5715054529136, 150.73611351381183, 561.3030682509971, 456.00948473201936, 356.4013327977898, 260.8997821519956, 302.1456364266256, 236.92610377018522, 388.6102077440988, 306.6398390517565]

landmark_17:
Frequency (Hz): [0.0, 0.006666666666666667, 0.013333333333333334, 0.02, 0.02666666666666667, 0.03333333333333333, 0.04, 0.04666666666666667, 0.05333333333333334, 0.060000000000000005, 0.06666666666666667, 0.07333333333333333, 0.08, 0.08666666666666667, 0.09333333333333334, 0.1, 0.10666666666666667, 0.11333333333333334, 0.12000000000000001, 0.12666666666666668, 0.13333333333333333, 0.14, 0.14666666666666667, 0.15333333333333335, 0.16, 0.16666666666666669, 0.17333333333333334, 0.18000000000000002, 0.18666666666666668, 0.19333333333333336, 0.2, 0.2066666666666667, 0.21333333333333335, 0.22, 0.22666666666666668, 0.23333333333333334, 0.24000000000000002, 0.24666666666666667, 0.25333333333333335, 0.26, 0.26666666666666666, 0.2733333333333334, 0.28, 0.2866666666666667, 0.29333333333333333, 0.30000000000000004, 0.3066666666666667, 0.31333333333333335, 0.32, 0.32666666666666666, 0.33333333333333337, 0.34, 0.3466666666666667, 0.35333333333333333, 0.36000000000000004, 0.3666666666666667, 0.37333333333333335, 0.38, 0.3866666666666667, 0.39333333333333337, 0.4, 0.4066666666666667, 0.4133333333333334, 0.42000000000000004, 0.4266666666666667, 0.43333333333333335, 0.44, 0.4466666666666667, 0.45333333333333337, 0.46, 0.4666666666666667, 0.4733333333333334, 0.48000000000000004, 0.4866666666666667, 0.49333333333333335]
Amplitude: [96991.8336653285, 6187.548448542978, 2112.207260476818, 1798.3968354078015, 5925.8406641088, 3897.1295664259146, 4357.624932959389, 1648.3053366570916, 1827.8733031385743, 1632.8621876653874, 40.29682772465547, 557.4406436749431, 871.2562256869612, 561.0908003328417, 579.6805190905587, 905.478460340711, 797.8922218504008, 346.63303604858135, 657.1427209874691, 450.49610884137473, 770.1726677975317, 835.1390837324237, 1030.7784999093494, 1572.4431038548355, 277.3167530057161, 107.2797447893622, 716.4683270648438, 575.9961403557876, 62.45220594913934, 56.801684570781305, 764.1139831919329, 319.01065098075713, 264.21202820712637, 432.0467749202453, 633.2731633345738, 432.60594154580934, 770.377423708006, 1103.6317536866875, 131.42429651915702, 171.1303098085834, 468.1761894364699, 226.34027373911752, 231.56769921241283, 395.61892150996505, 376.23161256435935, 113.39334975254161, 349.0846896406086, 399.10884328347004, 406.20939251925813, 195.811060893942, 582.444804620536, 117.43335985732067, 95.00931686071469, 189.5269309108428, 200.4436494507944, 356.3486044469074, 330.71619324744546, 155.57782153738165, 269.378085776393, 54.85123468685108, 284.14474477508327, 394.2270859714963, 363.72701118748273, 355.49628012867294, 46.09968311681306, 25.25054322762804, 56.17103148117609, 79.57828199106855, 413.6407880584308, 267.97798581051535, 140.9624193305936, 396.9895752915351, 263.88321555730914, 314.0682921742895, 106.70031998895537]

landmark_18:
Frequency (Hz): [0.0, 0.006666666666666667, 0.013333333333333334, 0.02, 0.02666666666666667, 0.03333333333333333, 0.04, 0.04666666666666667, 0.05333333333333334, 0.060000000000000005, 0.06666666666666667, 0.07333333333333333, 0.08, 0.08666666666666667, 0.09333333333333334, 0.1, 0.10666666666666667, 0.11333333333333334, 0.12000000000000001, 0.12666666666666668, 0.13333333333333333, 0.14, 0.14666666666666667, 0.15333333333333335, 0.16, 0.16666666666666669, 0.17333333333333334, 0.18000000000000002, 0.18666666666666668, 0.19333333333333336, 0.2, 0.2066666666666667, 0.21333333333333335, 0.22, 0.22666666666666668, 0.23333333333333334, 0.24000000000000002, 0.24666666666666667, 0.25333333333333335, 0.26, 0.26666666666666666, 0.2733333333333334, 0.28, 0.2866666666666667, 0.29333333333333333, 0.30000000000000004, 0.3066666666666667, 0.31333333333333335, 0.32, 0.32666666666666666, 0.33333333333333337, 0.34, 0.3466666666666667, 0.35333333333333333, 0.36000000000000004, 0.3666666666666667, 0.37333333333333335, 0.38, 0.3866666666666667, 0.39333333333333337, 0.4, 0.4066666666666667, 0.4133333333333334, 0.42000000000000004, 0.4266666666666667, 0.43333333333333335, 0.44, 0.4466666666666667, 0.45333333333333337, 0.46, 0.4666666666666667, 0.4733333333333334, 0.48000000000000004, 0.4866666666666667, 0.49333333333333335]
Amplitude: [95771.5210315769, 4160.679987644567, 1031.7809944273633, 1136.0212252303409, 2575.9032075891764, 1247.0888726832732, 3497.941549766871, 2340.310387069574, 1704.5166419840214, 3281.3642707033746, 492.4089861752, 5193.196113792731, 977.4849282997714, 879.7142972846575, 1797.6343835822295, 1949.5989867602211, 474.0605613825249, 1469.272485308316, 796.5891085587664, 1357.1118069387837, 2538.79704716068, 252.38336287454592, 1363.872768446181, 1060.8704869215555, 1018.8942556416072, 115.43513853601416, 605.3696309822003, 1335.4639798151538, 610.1267753890908, 388.33401489583935, 648.1225706309399, 1460.23512395715, 234.35554141499847, 561.2020700498689, 600.6251261171076, 343.7409641127917, 911.6746894781194, 738.5996622188688, 854.1540907779544, 245.26489501358935, 793.307104083618, 1108.9039444348662, 1112.7137494504339, 300.9733012706991, 441.40897565634543, 162.02405795992885, 569.2516209937346, 406.7351354479711, 669.7195111790243, 212.10864714509148, 380.9746960089223, 704.2761731490586, 385.6837681387142, 348.0946983327879, 220.46230685085837, 483.9166162083017, 82.88707287378253, 488.63198509553047, 170.70554027947054, 399.10888647700676, 323.68246342728844, 152.31483285052218, 210.07287290910605, 220.99576324043673, 170.78847311715128, 189.20083879611275, 177.37805491052575, 661.5746082343761, 547.7009413240866, 407.5816104436973, 320.9967081147073, 339.4955955754062, 245.7558180264402, 418.6004181535625, 360.625133534521]

landmark_19:
Frequency (Hz): [0.0, 0.006666666666666667, 0.013333333333333334, 0.02, 0.02666666666666667, 0.03333333333333333, 0.04, 0.04666666666666667, 0.05333333333333334, 0.060000000000000005, 0.06666666666666667, 0.07333333333333333, 0.08, 0.08666666666666667, 0.09333333333333334, 0.1, 0.10666666666666667, 0.11333333333333334, 0.12000000000000001, 0.12666666666666668, 0.13333333333333333, 0.14, 0.14666666666666667, 0.15333333333333335, 0.16, 0.16666666666666669, 0.17333333333333334, 0.18000000000000002, 0.18666666666666668, 0.19333333333333336, 0.2, 0.2066666666666667, 0.21333333333333335, 0.22, 0.22666666666666668, 0.23333333333333334, 0.24000000000000002, 0.24666666666666667, 0.25333333333333335, 0.26, 0.26666666666666666, 0.2733333333333334, 0.28, 0.2866666666666667, 0.29333333333333333, 0.30000000000000004, 0.3066666666666667, 0.31333333333333335, 0.32, 0.32666666666666666, 0.33333333333333337, 0.34, 0.3466666666666667, 0.35333333333333333, 0.36000000000000004, 0.3666666666666667, 0.37333333333333335, 0.38, 0.3866666666666667, 0.39333333333333337, 0.4, 0.4066666666666667, 0.4133333333333334, 0.42000000000000004, 0.4266666666666667, 0.43333333333333335, 0.44, 0.4466666666666667, 0.45333333333333337, 0.46, 0.4666666666666667, 0.4733333333333334, 0.48000000000000004, 0.4866666666666667, 0.49333333333333335]
Amplitude: [97566.75689938545, 6133.051118349309, 2291.876949971296, 1896.8077553613984, 5918.03555677502, 4001.9575605031246, 4595.391326210691, 1710.4188314610758, 1948.0178486354514, 1718.3001883844556, 212.49954766244832, 710.7861914096441, 900.1182590690481, 590.4835351523353, 544.7029498204369, 945.2519615539102, 783.1641845370186, 335.11252252020387, 636.6785156220169, 495.8909576983689, 724.8706049631851, 779.7431848700176, 1017.4292209754018, 1580.9998180547323, 261.20510597336556, 80.12596821674643, 700.4772767100288, 578.816638450655, 20.32693302261105, 22.500820032396, 718.5303231476585, 321.1451727244752, 274.32128210759674, 433.9325122493729, 662.6606829562352, 469.9702080874731, 764.3636439771335, 1104.4611868808252, 127.08734727901366, 157.9524020822375, 442.0930706420124, 209.02766090345435, 219.2415849997264, 416.88997132666174, 420.6739990507282, 93.39240717174313, 382.25946011206, 390.22611802182155, 428.9152260394233, 155.17938556411485, 578.49060416374, 91.90429651204822, 91.79778169796265, 181.90053394989985, 196.47343856453966, 347.4928162210562, 340.64605906068726, 127.89500182726783, 288.70787718075627, 78.87007848846096, 250.19585167096787, 381.08637968666534, 369.94086953887194, 355.0759427557963, 60.421947285708455, 60.89336402381583, 64.5644307521382, 100.02191801917132, 411.9541543589587, 264.72692000765977, 161.88087146605358, 381.3585168819198, 258.1149341811199, 298.5636269583622, 117.55935918920537]

landmark_20:
Frequency (Hz): [0.0, 0.006666666666666667, 0.013333333333333334, 0.02, 0.02666666666666667, 0.03333333333333333, 0.04, 0.04666666666666667, 0.05333333333333334, 0.060000000000000005, 0.06666666666666667, 0.07333333333333333, 0.08, 0.08666666666666667, 0.09333333333333334, 0.1, 0.10666666666666667, 0.11333333333333334, 0.12000000000000001, 0.12666666666666668, 0.13333333333333333, 0.14, 0.14666666666666667, 0.15333333333333335, 0.16, 0.16666666666666669, 0.17333333333333334, 0.18000000000000002, 0.18666666666666668, 0.19333333333333336, 0.2, 0.2066666666666667, 0.21333333333333335, 0.22, 0.22666666666666668, 0.23333333333333334, 0.24000000000000002, 0.24666666666666667, 0.25333333333333335, 0.26, 0.26666666666666666, 0.2733333333333334, 0.28, 0.2866666666666667, 0.29333333333333333, 0.30000000000000004, 0.3066666666666667, 0.31333333333333335, 0.32, 0.32666666666666666, 0.33333333333333337, 0.34, 0.3466666666666667, 0.35333333333333333, 0.36000000000000004, 0.3666666666666667, 0.37333333333333335, 0.38, 0.3866666666666667, 0.39333333333333337, 0.4, 0.4066666666666667, 0.4133333333333334, 0.42000000000000004, 0.4266666666666667, 0.43333333333333335, 0.44, 0.4466666666666667, 0.45333333333333337, 0.46, 0.4666666666666667, 0.4733333333333334, 0.48000000000000004, 0.4866666666666667, 0.49333333333333335]
Amplitude: [96103.94284704355, 4228.889454832311, 759.8256494938767, 972.8257710559153, 2773.6102654121646, 1304.6788143072322, 3445.835901430653, 2303.940273201962, 1761.9015482945726, 3427.4154517894194, 482.05401466917533, 5184.735513066267, 1012.3603529751878, 786.7947863513527, 1782.6183072775116, 2084.5373158359384, 302.393917121997, 1700.1565715273307, 740.846937423062, 1507.4303497467247, 2395.797935217622, 386.5305758657276, 1237.8024028423831, 1149.9848269631177, 967.249250638734, 175.87660520987762, 807.1665798577006, 1251.5172496009766, 704.8063761043079, 448.61149015278323, 699.6807709674239, 1328.8015704096485, 325.4777460669572, 443.0419924617325, 462.4026764032205, 296.5311668263938, 840.8894154974192, 904.0155636378668, 781.9356025870215, 127.56061523158832, 713.777857576834, 1169.310293998468, 1026.469224525076, 385.96244650955725, 379.4469784099137, 215.51434139345957, 566.782120597082, 332.51219154573704, 761.8120849299514, 209.70721036485205, 467.5300097535685, 628.9784597488323, 519.653808424807, 236.27429533420326, 327.2896076586728, 409.89598045563037, 120.9011998613559, 411.0788489095654, 85.54060627500286, 496.23262455139235, 265.176300796469, 145.9138162851864, 148.001934403561, 310.34904482978294, 263.8576216455544, 276.0097472410201, 53.710343434536234, 643.023249396888, 624.5559408793397, 268.18688559739616, 460.9890773380801, 360.6383082137015, 227.32677212769318, 359.3470707441696, 433.66096015537465]

landmark_21:
Frequency (Hz): [0.0, 0.006666666666666667, 0.013333333333333334, 0.02, 0.02666666666666667, 0.03333333333333333, 0.04, 0.04666666666666667, 0.05333333333333334, 0.060000000000000005, 0.06666666666666667, 0.07333333333333333, 0.08, 0.08666666666666667, 0.09333333333333334, 0.1, 0.10666666666666667, 0.11333333333333334, 0.12000000000000001, 0.12666666666666668, 0.13333333333333333, 0.14, 0.14666666666666667, 0.15333333333333335, 0.16, 0.16666666666666669, 0.17333333333333334, 0.18000000000000002, 0.18666666666666668, 0.19333333333333336, 0.2, 0.2066666666666667, 0.21333333333333335, 0.22, 0.22666666666666668, 0.23333333333333334, 0.24000000000000002, 0.24666666666666667, 0.25333333333333335, 0.26, 0.26666666666666666, 0.2733333333333334, 0.28, 0.2866666666666667, 0.29333333333333333, 0.30000000000000004, 0.3066666666666667, 0.31333333333333335, 0.32, 0.32666666666666666, 0.33333333333333337, 0.34, 0.3466666666666667, 0.35333333333333333, 0.36000000000000004, 0.3666666666666667, 0.37333333333333335, 0.38, 0.3866666666666667, 0.39333333333333337, 0.4, 0.4066666666666667, 0.4133333333333334, 0.42000000000000004, 0.4266666666666667, 0.43333333333333335, 0.44, 0.4466666666666667, 0.45333333333333337, 0.46, 0.4666666666666667, 0.4733333333333334, 0.48000000000000004, 0.4866666666666667, 0.49333333333333335]
Amplitude: [95612.0006304576, 5839.659855494993, 1993.9644463296777, 1780.5636297414537, 5386.351249540415, 3560.356468192269, 4246.185705154694, 1781.19612437005, 1756.0986245388901, 1501.6467521294608, 153.3616406101001, 596.1995755971668, 831.4926704664617, 511.46810817179585, 467.3366145305694, 771.7129588338831, 708.9080756194967, 354.69053172848106, 618.043080086758, 434.99824032955706, 698.9779149788955, 730.5609685454535, 949.2290706371858, 1444.3861285538403, 256.98428383486123, 74.16053161668951, 626.4397061162687, 542.7645720554876, 57.766165730031695, 72.51447251117713, 641.0249848915843, 320.30477939871787, 238.9345317295397, 365.6238395204684, 617.193321165006, 408.99110060221767, 678.4098190673784, 981.4803084969286, 115.71558214101152, 134.23783582419307, 395.42401855353035, 231.3742687281132, 187.16096233754413, 346.965485853916, 375.16949612307593, 85.45194382379289, 335.9520045580196, 348.4258532539078, 358.80185170283164, 154.4970505453427, 517.7113718560308, 92.7434636160387, 88.24096673029153, 165.69250283210994, 162.43924153464494, 320.819069718815, 306.62156305926294, 112.80894838470233, 251.92730235188526, 71.10096234496451, 252.54952609578828, 325.25254476519484, 343.6916082069018, 338.43219914896116, 42.78110550999771, 54.544674940457725, 45.19574893565152, 76.09594874775102, 366.02643251863225, 232.64163577087754, 117.3812112167429, 331.5911795704726, 245.0669198132148, 276.1210204379994, 97.7990086391764]

landmark_22:
Frequency (Hz): [0.0, 0.006666666666666667, 0.013333333333333334, 0.02, 0.02666666666666667, 0.03333333333333333, 0.04, 0.04666666666666667, 0.05333333333333334, 0.060000000000000005, 0.06666666666666667, 0.07333333333333333, 0.08, 0.08666666666666667, 0.09333333333333334, 0.1, 0.10666666666666667, 0.11333333333333334, 0.12000000000000001, 0.12666666666666668, 0.13333333333333333, 0.14, 0.14666666666666667, 0.15333333333333335, 0.16, 0.16666666666666669, 0.17333333333333334, 0.18000000000000002, 0.18666666666666668, 0.19333333333333336, 0.2, 0.2066666666666667, 0.21333333333333335, 0.22, 0.22666666666666668, 0.23333333333333334, 0.24000000000000002, 0.24666666666666667, 0.25333333333333335, 0.26, 0.26666666666666666, 0.2733333333333334, 0.28, 0.2866666666666667, 0.29333333333333333, 0.30000000000000004, 0.3066666666666667, 0.31333333333333335, 0.32, 0.32666666666666666, 0.33333333333333337, 0.34, 0.3466666666666667, 0.35333333333333333, 0.36000000000000004, 0.3666666666666667, 0.37333333333333335, 0.38, 0.3866666666666667, 0.39333333333333337, 0.4, 0.4066666666666667, 0.4133333333333334, 0.42000000000000004, 0.4266666666666667, 0.43333333333333335, 0.44, 0.4466666666666667, 0.45333333333333337, 0.46, 0.4666666666666667, 0.4733333333333334, 0.48000000000000004, 0.4866666666666667, 0.49333333333333335]
Amplitude: [94516.51209415303, 4100.118114257432, 1055.4049942810193, 996.5598262605093, 2462.1822102777373, 1133.38807496186, 3142.6650520809903, 2131.3920938921615, 1504.0218740580713, 3213.1245004353423, 471.09618898496853, 4651.79152958404, 798.4145160785697, 819.7759859109757, 1560.6586698558633, 1762.3841136988972, 403.2990100180188, 1437.4219507833977, 812.5873167057948, 1266.0544906726648, 2343.320693104011, 271.61881824729153, 1160.223129197295, 947.1805994301143, 898.456772912222, 95.0866897585848, 625.2799643245316, 1163.3344034222987, 525.8565023308007, 364.8252971628448, 542.8906925161525, 1312.0794513840094, 197.2967394886069, 457.1140145906184, 521.5812774478695, 321.7648424042823, 838.3972609593338, 756.9925930648361, 755.906754165162, 181.44890309570414, 742.4423958335581, 994.0486284904525, 986.2465372701975, 308.23128003596827, 368.6916527740579, 173.4963893792886, 538.0926104142212, 391.2112377423237, 633.2921297717647, 184.37672332602543, 310.68321843653496, 665.8258864948544, 405.88282345754664, 289.68032725341595, 250.8663919629301, 475.12567777151816, 90.76282746981441, 454.4172101577614, 158.1183946830476, 373.9610746410063, 252.95908152843302, 123.24608030126929, 219.1486830491856, 199.85694863247812, 172.9454476033726, 196.35339497963034, 161.37799855811292, 585.0896773558874, 513.8267942071399, 322.83035592041796, 333.80267642263505, 366.6686165402767, 224.33267013831443, 422.2323488307635, 348.596910824898]

landmark_23:
Frequency (Hz): [0.0, 0.006666666666666667, 0.013333333333333334, 0.02, 0.02666666666666667, 0.03333333333333333, 0.04, 0.04666666666666667, 0.05333333333333334, 0.060000000000000005, 0.06666666666666667, 0.07333333333333333, 0.08, 0.08666666666666667, 0.09333333333333334, 0.1, 0.10666666666666667, 0.11333333333333334, 0.12000000000000001, 0.12666666666666668, 0.13333333333333333, 0.14, 0.14666666666666667, 0.15333333333333335, 0.16, 0.16666666666666669, 0.17333333333333334, 0.18000000000000002, 0.18666666666666668, 0.19333333333333336, 0.2, 0.2066666666666667, 0.21333333333333335, 0.22, 0.22666666666666668, 0.23333333333333334, 0.24000000000000002, 0.24666666666666667, 0.25333333333333335, 0.26, 0.26666666666666666, 0.2733333333333334, 0.28, 0.2866666666666667, 0.29333333333333333, 0.30000000000000004, 0.3066666666666667, 0.31333333333333335, 0.32, 0.32666666666666666, 0.33333333333333337, 0.34, 0.3466666666666667, 0.35333333333333333, 0.36000000000000004, 0.3666666666666667, 0.37333333333333335, 0.38, 0.3866666666666667, 0.39333333333333337, 0.4, 0.4066666666666667, 0.4133333333333334, 0.42000000000000004, 0.4266666666666667, 0.43333333333333335, 0.44, 0.4466666666666667, 0.45333333333333337, 0.46, 0.4666666666666667, 0.4733333333333334, 0.48000000000000004, 0.4866666666666667, 0.49333333333333335]
Amplitude: [68946.0132872533, 234.25499647728168, 595.7237847353471, 283.0926718441652, 447.8506532918405, 310.659587697939, 76.08000228226518, 49.0254648662684, 92.47620570470136, 115.86096800965363, 34.54923023860234, 78.15888200254022, 34.476695881069816, 30.234857314536654, 29.09543223006823, 8.503630620348261, 22.30363498188347, 9.603540841003039, 29.2294392686989, 36.761377562929965, 35.439605364058146, 6.35204644859921, 5.7069158385343535, 25.86996901423343, 7.09707885173255, 19.777932963888745, 9.353907960464905, 24.863206255348857, 16.153344092019957, 25.55358891355281, 8.254773523742365, 16.151865846900378, 9.066880386614777, 14.697800807516963, 10.59956071045258, 4.871254183549895, 11.5259601144184, 15.319629788733982, 14.393261832765448, 7.736671682447905, 4.759874676781193, 1.5921574577147994, 14.309050881662147, 10.837609038066221, 5.674034329579486, 3.6951278349796723, 4.851528095090329, 5.421659270926969, 5.857583264060777, 3.6460192940516998, 4.019329494985856, 8.127075627806935, 1.6349504870084564, 4.934883163552892, 7.5763477299258, 6.773612219173279, 2.2532615146211366, 3.399298891505453, 2.7611104203295187, 6.734492191747005, 4.0253829976512625, 5.3784774013989765, 6.582366927891615, 3.933080280460988, 2.2174476578347515, 7.792433874464658, 4.235910761783925, 2.393330410156463, 2.229728174756556, 6.970326085935018, 5.761970600898554, 4.76451409339552, 1.4723085647738812, 7.958994659380769, 3.6013277895818394]

landmark_24:
Frequency (Hz): [0.0, 0.006666666666666667, 0.013333333333333334, 0.02, 0.02666666666666667, 0.03333333333333333, 0.04, 0.04666666666666667, 0.05333333333333334, 0.060000000000000005, 0.06666666666666667, 0.07333333333333333, 0.08, 0.08666666666666667, 0.09333333333333334, 0.1, 0.10666666666666667, 0.11333333333333334, 0.12000000000000001, 0.12666666666666668, 0.13333333333333333, 0.14, 0.14666666666666667, 0.15333333333333335, 0.16, 0.16666666666666669, 0.17333333333333334, 0.18000000000000002, 0.18666666666666668, 0.19333333333333336, 0.2, 0.2066666666666667, 0.21333333333333335, 0.22, 0.22666666666666668, 0.23333333333333334, 0.24000000000000002, 0.24666666666666667, 0.25333333333333335, 0.26, 0.26666666666666666, 0.2733333333333334, 0.28, 0.2866666666666667, 0.29333333333333333, 0.30000000000000004, 0.3066666666666667, 0.31333333333333335, 0.32, 0.32666666666666666, 0.33333333333333337, 0.34, 0.3466666666666667, 0.35333333333333333, 0.36000000000000004, 0.3666666666666667, 0.37333333333333335, 0.38, 0.3866666666666667, 0.39333333333333337, 0.4, 0.4066666666666667, 0.4133333333333334, 0.42000000000000004, 0.4266666666666667, 0.43333333333333335, 0.44, 0.4466666666666667, 0.45333333333333337, 0.46, 0.4666666666666667, 0.4733333333333334, 0.48000000000000004, 0.4866666666666667, 0.49333333333333335]
Amplitude: [68188.93967385072, 512.796142909555, 1729.388942475196, 191.8214267180939, 164.53224682381008, 114.52281484165442, 221.3957836477653, 178.7242946390941, 63.328492818964, 81.6011167866013, 16.66092070537215, 70.31345763987534, 54.966129308653635, 42.96093192758092, 32.72083358689882, 24.117425237390698, 44.174434310311554, 11.361451129624195, 7.774282191356865, 20.456162888432015, 12.202829722598405, 14.119257997965976, 15.279337404605243, 12.070172935953623, 19.530833248949367, 7.666758034223315, 3.6627583206543246, 14.10347117950528, 21.453528581317507, 17.86742508409171, 11.653792855398038, 19.56912284715152, 12.928768036989819, 12.113576456173957, 3.1311689387258594, 11.5172119230861, 9.161154398422587, 5.422934297342485, 13.186438110591183, 9.649825160330675, 9.20767774803641, 8.168072046432439, 8.855247063112134, 7.981378103724929, 7.6883754757860725, 9.051765758608619, 5.17736589442936, 10.637126392052565, 12.541081284886724, 7.5932922777436955, 0.18015001883794987, 10.584826716497767, 13.081877265859196, 1.9358610093627042, 7.021890023408126, 6.162394780371405, 12.332958031378174, 2.8502512600581578, 10.373527187108715, 11.735629113080835, 8.011579507453776, 6.293424268213695, 5.239020135404302, 2.676210630900503, 4.5144307858248185, 12.183088568818564, 7.543970386972446, 7.382332599190355, 7.800455011390517, 6.594474764037074, 2.043808679897227, 4.862595619489012, 4.738161563501812, 1.447372491894613, 4.596432221421889]

landmark_25:
Frequency (Hz): [0.0, 0.006666666666666667, 0.013333333333333334, 0.02, 0.02666666666666667, 0.03333333333333333, 0.04, 0.04666666666666667, 0.05333333333333334, 0.060000000000000005, 0.06666666666666667, 0.07333333333333333, 0.08, 0.08666666666666667, 0.09333333333333334, 0.1, 0.10666666666666667, 0.11333333333333334, 0.12000000000000001, 0.12666666666666668, 0.13333333333333333, 0.14, 0.14666666666666667, 0.15333333333333335, 0.16, 0.16666666666666669, 0.17333333333333334, 0.18000000000000002, 0.18666666666666668, 0.19333333333333336, 0.2, 0.2066666666666667, 0.21333333333333335, 0.22, 0.22666666666666668, 0.23333333333333334, 0.24000000000000002, 0.24666666666666667, 0.25333333333333335, 0.26, 0.26666666666666666, 0.2733333333333334, 0.28, 0.2866666666666667, 0.29333333333333333, 0.30000000000000004, 0.3066666666666667, 0.31333333333333335, 0.32, 0.32666666666666666, 0.33333333333333337, 0.34, 0.3466666666666667, 0.35333333333333333, 0.36000000000000004, 0.3666666666666667, 0.37333333333333335, 0.38, 0.3866666666666667, 0.39333333333333337, 0.4, 0.4066666666666667, 0.4133333333333334, 0.42000000000000004, 0.4266666666666667, 0.43333333333333335, 0.44, 0.4466666666666667, 0.45333333333333337, 0.46, 0.4666666666666667, 0.4733333333333334, 0.48000000000000004, 0.4866666666666667, 0.49333333333333335]
Amplitude: [61296.32076999329, 96.96164771492144, 1115.162763989538, 409.96288711320244, 430.6215470736703, 346.6604373528576, 281.5482509241713, 196.52301354807247, 77.13557775942137, 40.302303861777965, 69.14158179866024, 106.98101580314594, 73.92274892535622, 99.55888969872355, 101.4518736041364, 121.23822712442272, 99.4754424589722, 46.59310264972561, 95.26720395355174, 122.15153428467544, 98.06193869750393, 46.91832799170564, 54.44105852039475, 57.709085545256706, 64.81433933103445, 79.23311799738528, 29.471569897711746, 24.646895554492122, 30.93156520656857, 82.8815663853471, 27.131489010437274, 40.948514276223854, 23.001317779686165, 42.139015337456414, 55.03135043063639, 35.646893402587224, 6.454143274770107, 26.560237262656482, 27.177405946344418, 34.525398880575885, 63.515217056843966, 22.54395190822525, 46.989176530972145, 22.604614380775374, 36.82795952812217, 2.525347231727739, 58.25061161832369, 12.074188937586884, 15.658281333172052, 39.542313022295154, 22.728795022981426, 35.582839004228866, 29.66862472796408, 13.110062707179011, 33.45964940214266, 36.42376176283981, 31.321031437592342, 9.222225135246624, 11.171502177665863, 29.106931763351007, 17.334134181717005, 31.079659482523923, 30.583309027176615, 9.333248751582138, 20.50730970242245, 14.124687281534294, 23.767581988817533, 31.986227790381466, 21.054510329305362, 31.025339323927977, 24.666295527727314, 16.221803462963727, 33.13344011988832, 19.752888621846278, 31.767331787588716]

landmark_26:
Frequency (Hz): [0.0, 0.006666666666666667, 0.013333333333333334, 0.02, 0.02666666666666667, 0.03333333333333333, 0.04, 0.04666666666666667, 0.05333333333333334, 0.060000000000000005, 0.06666666666666667, 0.07333333333333333, 0.08, 0.08666666666666667, 0.09333333333333334, 0.1, 0.10666666666666667, 0.11333333333333334, 0.12000000000000001, 0.12666666666666668, 0.13333333333333333, 0.14, 0.14666666666666667, 0.15333333333333335, 0.16, 0.16666666666666669, 0.17333333333333334, 0.18000000000000002, 0.18666666666666668, 0.19333333333333336, 0.2, 0.2066666666666667, 0.21333333333333335, 0.22, 0.22666666666666668, 0.23333333333333334, 0.24000000000000002, 0.24666666666666667, 0.25333333333333335, 0.26, 0.26666666666666666, 0.2733333333333334, 0.28, 0.2866666666666667, 0.29333333333333333, 0.30000000000000004, 0.3066666666666667, 0.31333333333333335, 0.32, 0.32666666666666666, 0.33333333333333337, 0.34, 0.3466666666666667, 0.35333333333333333, 0.36000000000000004, 0.3666666666666667, 0.37333333333333335, 0.38, 0.3866666666666667, 0.39333333333333337, 0.4, 0.4066666666666667, 0.4133333333333334, 0.42000000000000004, 0.4266666666666667, 0.43333333333333335, 0.44, 0.4466666666666667, 0.45333333333333337, 0.46, 0.4666666666666667, 0.4733333333333334, 0.48000000000000004, 0.4866666666666667, 0.49333333333333335]
Amplitude: [66058.31703828026, 778.6729711500233, 1914.3410442031984, 36.10438916214713, 783.7109123339084, 693.760976253196, 320.25200054046337, 421.0484149496733, 489.5282451434921, 652.9236140337993, 374.653953551864, 361.0293265574658, 50.748911807195846, 292.0341306229716, 189.2059923927931, 99.28745286993951, 240.80920317936918, 276.7367984765518, 88.40955542523687, 143.20361698180662, 169.0332756315573, 157.4994405233599, 166.50239255429972, 50.712717473826494, 98.78135018467609, 76.86618854647023, 152.00323836362563, 80.47753098021255, 46.94346287158823, 83.82017418486095, 68.60023374517637, 53.666686465154584, 67.1106211018343, 32.341517477228294, 18.82796111854149, 74.89741385526122, 45.584650098972, 15.437098262138063, 80.53414517758543, 32.791738333907524, 102.9793411886043, 103.04982910488178, 14.371365405148934, 22.710663532959295, 79.49779051540746, 10.340813260894922, 28.52923543974559, 53.62187319592586, 44.52352476218622, 20.203260279121288, 69.63992074043077, 12.51055490985935, 45.24341610080756, 27.112363646666854, 30.493116718723428, 18.184357505135267, 46.74032518757201, 18.844572040799864, 18.7810843242951, 41.35125371796815, 28.853032902283164, 14.284590142448282, 37.28712525295726, 23.281086383717824, 47.747666233985, 29.99059879563645, 8.621113299651116, 21.585492000362986, 49.88748772623448, 31.027900166358947, 19.21014722306816, 14.169198842291369, 31.900821616192157, 42.93349918117004, 36.919304788988036]

landmark_27:
Frequency (Hz): [0.0, 0.006666666666666667, 0.013333333333333334, 0.02, 0.02666666666666667, 0.03333333333333333, 0.04, 0.04666666666666667, 0.05333333333333334, 0.060000000000000005, 0.06666666666666667, 0.07333333333333333, 0.08, 0.08666666666666667, 0.09333333333333334, 0.1, 0.10666666666666667, 0.11333333333333334, 0.12000000000000001, 0.12666666666666668, 0.13333333333333333, 0.14, 0.14666666666666667, 0.15333333333333335, 0.16, 0.16666666666666669, 0.17333333333333334, 0.18000000000000002, 0.18666666666666668, 0.19333333333333336, 0.2, 0.2066666666666667, 0.21333333333333335, 0.22, 0.22666666666666668, 0.23333333333333334, 0.24000000000000002, 0.24666666666666667, 0.25333333333333335, 0.26, 0.26666666666666666, 0.2733333333333334, 0.28, 0.2866666666666667, 0.29333333333333333, 0.30000000000000004, 0.3066666666666667, 0.31333333333333335, 0.32, 0.32666666666666666, 0.33333333333333337, 0.34, 0.3466666666666667, 0.35333333333333333, 0.36000000000000004, 0.3666666666666667, 0.37333333333333335, 0.38, 0.3866666666666667, 0.39333333333333337, 0.4, 0.4066666666666667, 0.4133333333333334, 0.42000000000000004, 0.4266666666666667, 0.43333333333333335, 0.44, 0.4466666666666667, 0.45333333333333337, 0.46, 0.4666666666666667, 0.4733333333333334, 0.48000000000000004, 0.4866666666666667, 0.49333333333333335]
Amplitude: [55203.05951617382, 158.54479373362213, 315.7821813409899, 303.8357951023647, 449.5880934337256, 255.473744376262, 197.03065154748035, 158.461344209801, 130.44639442460598, 35.0696720522256, 199.3178298503176, 216.1140315399853, 81.56282062100009, 105.52873420036882, 189.20980136558413, 266.6030403608209, 84.816857528341, 106.06533028851538, 212.7708422642311, 171.7467027266726, 75.23355127410423, 142.05163079718068, 119.22945631651173, 107.35012655659749, 132.45681464058518, 117.64286226801906, 83.83713743764767, 55.86052466838042, 88.19839810349043, 121.96453408539023, 62.72286384082867, 50.16670416605689, 64.54945773676215, 71.8349686587144, 77.09853007730548, 64.69353750552595, 26.70749039213411, 26.488107623403298, 30.10778123285394, 81.95249458617654, 85.18045494818631, 28.028637267164385, 86.31920231344436, 51.5624033162922, 58.55795001422717, 31.029094619667532, 106.87306522903366, 30.464761056182887, 29.828772263795383, 69.39235256459466, 63.77282008787106, 77.4809338707508, 39.393297182527796, 25.436682781556904, 29.308417216461947, 57.28937118864384, 81.45822911606693, 4.545660540730976, 58.27707038031801, 67.99401065940515, 22.46635905044329, 64.62111101762332, 54.21598136885401, 15.529190440655237, 27.76775753435352, 15.059393444864783, 31.76388330907772, 27.656637697748916, 46.204453369859046, 26.007828294230958, 15.165239823605214, 47.93116349549094, 46.4961560844683, 33.92125368189479, 36.20385052200752]

landmark_28:
Frequency (Hz): [0.0, 0.006666666666666667, 0.013333333333333334, 0.02, 0.02666666666666667, 0.03333333333333333, 0.04, 0.04666666666666667, 0.05333333333333334, 0.060000000000000005, 0.06666666666666667, 0.07333333333333333, 0.08, 0.08666666666666667, 0.09333333333333334, 0.1, 0.10666666666666667, 0.11333333333333334, 0.12000000000000001, 0.12666666666666668, 0.13333333333333333, 0.14, 0.14666666666666667, 0.15333333333333335, 0.16, 0.16666666666666669, 0.17333333333333334, 0.18000000000000002, 0.18666666666666668, 0.19333333333333336, 0.2, 0.2066666666666667, 0.21333333333333335, 0.22, 0.22666666666666668, 0.23333333333333334, 0.24000000000000002, 0.24666666666666667, 0.25333333333333335, 0.26, 0.26666666666666666, 0.2733333333333334, 0.28, 0.2866666666666667, 0.29333333333333333, 0.30000000000000004, 0.3066666666666667, 0.31333333333333335, 0.32, 0.32666666666666666, 0.33333333333333337, 0.34, 0.3466666666666667, 0.35333333333333333, 0.36000000000000004, 0.3666666666666667, 0.37333333333333335, 0.38, 0.3866666666666667, 0.39333333333333337, 0.4, 0.4066666666666667, 0.4133333333333334, 0.42000000000000004, 0.4266666666666667, 0.43333333333333335, 0.44, 0.4466666666666667, 0.45333333333333337, 0.46, 0.4666666666666667, 0.4733333333333334, 0.48000000000000004, 0.4866666666666667, 0.49333333333333335]
Amplitude: [79480.97282380892, 2052.811244155478, 2408.175728676292, 1940.9719302350684, 208.0632530053094, 1380.6848090690858, 1148.9349630232916, 1502.3615777617856, 1880.7597732167303, 2209.260864529606, 1086.8920352455373, 1022.9704769913773, 300.5566735012033, 706.1478123645874, 603.2045319346795, 205.44116544542825, 684.9128223715032, 569.5510615097238, 79.56641216947541, 217.48570969615517, 494.0876178582248, 695.2138007635672, 573.5020300369907, 77.0734573848917, 312.1467654620466, 224.85745471439716, 361.46716947539204, 192.94487603842487, 70.82285385339136, 157.39470323907994, 406.3986843927931, 119.16250373559018, 132.71302297450958, 95.71354642845857, 103.30667679693084, 88.71228825893235, 124.10681290691825, 41.002500440732796, 165.6356709582581, 65.51888604668521, 283.46349851009785, 148.76182434649235, 85.4394582380364, 205.0061797274544, 257.592952521419, 77.62699071616503, 85.16695792937963, 158.20625477514008, 223.45029726963884, 17.619437467165866, 204.37653218268233, 27.03792286717353, 96.29321886129318, 15.475797227192068, 181.48317257920715, 71.41642784336977, 115.07373704091903, 56.89215522665303, 125.28842427303253, 138.5023214105332, 69.31519543586062, 59.82293368462008, 44.321655678887424, 48.256597606961435, 101.4433405534722, 76.24492825215711, 39.553185480463185, 24.079282341432883, 105.58845518183836, 141.7276591400612, 71.98102998506523, 57.843703193302716, 146.24241857054977, 136.7921158204422, 97.14051405388298]

landmark_29:
Frequency (Hz): [0.0, 0.006666666666666667, 0.013333333333333334, 0.02, 0.02666666666666667, 0.03333333333333333, 0.04, 0.04666666666666667, 0.05333333333333334, 0.060000000000000005, 0.06666666666666667, 0.07333333333333333, 0.08, 0.08666666666666667, 0.09333333333333334, 0.1, 0.10666666666666667, 0.11333333333333334, 0.12000000000000001, 0.12666666666666668, 0.13333333333333333, 0.14, 0.14666666666666667, 0.15333333333333335, 0.16, 0.16666666666666669, 0.17333333333333334, 0.18000000000000002, 0.18666666666666668, 0.19333333333333336, 0.2, 0.2066666666666667, 0.21333333333333335, 0.22, 0.22666666666666668, 0.23333333333333334, 0.24000000000000002, 0.24666666666666667, 0.25333333333333335, 0.26, 0.26666666666666666, 0.2733333333333334, 0.28, 0.2866666666666667, 0.29333333333333333, 0.30000000000000004, 0.3066666666666667, 0.31333333333333335, 0.32, 0.32666666666666666, 0.33333333333333337, 0.34, 0.3466666666666667, 0.35333333333333333, 0.36000000000000004, 0.3666666666666667, 0.37333333333333335, 0.38, 0.3866666666666667, 0.39333333333333337, 0.4, 0.4066666666666667, 0.4133333333333334, 0.42000000000000004, 0.4266666666666667, 0.43333333333333335, 0.44, 0.4466666666666667, 0.45333333333333337, 0.46, 0.4666666666666667, 0.4733333333333334, 0.48000000000000004, 0.4866666666666667, 0.49333333333333335]
Amplitude: [55804.11079505044, 173.4957039975411, 267.01051029394324, 265.9210851258712, 465.1095869597037, 276.09607247112996, 207.97136247902, 177.56520764811142, 152.04845626611777, 27.856860071213195, 207.4677695164232, 214.40969774833098, 93.37039864280042, 126.72128341150531, 190.8458905523324, 284.1099799638776, 83.52838391758928, 103.2927043862381, 224.5907892347437, 173.80130980476585, 78.25664358633922, 158.96955497222177, 129.92138972888944, 118.7957371735971, 148.63654536306558, 123.58965576964466, 87.72601683246664, 61.612972203708104, 93.22785527205275, 128.21014148865973, 64.44379351131217, 57.75328740923731, 73.35880807489042, 73.3867685181723, 83.31065736541343, 66.7348247569718, 30.876931825766434, 30.276957589367015, 32.24347399584923, 88.88497438532083, 91.26507579136593, 32.86181514795138, 95.73124304032197, 51.61703104324582, 62.069897523419606, 35.89046644064882, 110.96189060015256, 37.689281556687796, 38.30255706712899, 80.18109184839048, 67.53080121868933, 79.49893564304857, 42.81074469342881, 23.804650835854712, 35.481940342156754, 60.7459910638893, 86.85614054693413, 2.8290685105915854, 67.87453614428156, 75.55917510860928, 26.167739929869267, 68.71087043490391, 62.24434911393473, 18.15913843649127, 30.450880157430078, 14.550830139117265, 31.72964988796671, 32.23155426849403, 51.90045853728841, 25.68451092332939, 16.172310691539614, 53.238307491737814, 52.72117205953711, 39.93414728250861, 39.0959458126127]

landmark_30:
Frequency (Hz): [0.0, 0.006666666666666667, 0.013333333333333334, 0.02, 0.02666666666666667, 0.03333333333333333, 0.04, 0.04666666666666667, 0.05333333333333334, 0.060000000000000005, 0.06666666666666667, 0.07333333333333333, 0.08, 0.08666666666666667, 0.09333333333333334, 0.1, 0.10666666666666667, 0.11333333333333334, 0.12000000000000001, 0.12666666666666668, 0.13333333333333333, 0.14, 0.14666666666666667, 0.15333333333333335, 0.16, 0.16666666666666669, 0.17333333333333334, 0.18000000000000002, 0.18666666666666668, 0.19333333333333336, 0.2, 0.2066666666666667, 0.21333333333333335, 0.22, 0.22666666666666668, 0.23333333333333334, 0.24000000000000002, 0.24666666666666667, 0.25333333333333335, 0.26, 0.26666666666666666, 0.2733333333333334, 0.28, 0.2866666666666667, 0.29333333333333333, 0.30000000000000004, 0.3066666666666667, 0.31333333333333335, 0.32, 0.32666666666666666, 0.33333333333333337, 0.34, 0.3466666666666667, 0.35333333333333333, 0.36000000000000004, 0.3666666666666667, 0.37333333333333335, 0.38, 0.3866666666666667, 0.39333333333333337, 0.4, 0.4066666666666667, 0.4133333333333334, 0.42000000000000004, 0.4266666666666667, 0.43333333333333335, 0.44, 0.4466666666666667, 0.45333333333333337, 0.46, 0.4666666666666667, 0.4733333333333334, 0.48000000000000004, 0.4866666666666667, 0.49333333333333335]
Amplitude: [81496.70096950681, 2216.792026561444, 2840.7464859169863, 2144.903326608406, 136.9114895986066, 1433.2734359553535, 1185.745521855926, 1632.8612886096096, 1982.3892190916224, 2343.574842744752, 1148.5418987782405, 1081.6473976812256, 324.9161968579165, 741.788717971735, 631.940554700336, 217.6915367255845, 707.4953061129238, 591.9195225876507, 63.60962007746693, 252.7806008582154, 523.5292044675564, 750.9580979316878, 641.0337597243971, 97.11226867827584, 313.6973874582097, 256.6884287008619, 372.6563195967807, 226.54722059769517, 84.97901278529186, 179.1627076258421, 424.8201326239901, 137.54416086410836, 154.81292710274494, 92.2777724610209, 106.12572699294967, 92.17789915203925, 143.47842768110365, 49.33123381134256, 169.0992652139359, 81.94660437799565, 293.02513471808913, 145.37042924062024, 93.62464756215252, 208.48867853553685, 259.4455729671553, 100.99033401492201, 86.19507127452928, 152.44770890071328, 255.35389225934838, 32.2295002540933, 209.73071241128824, 34.492782392999324, 100.36833741974579, 5.4080313771873065, 192.68454744436616, 73.99173964374646, 129.97505122371874, 73.1418031074329, 143.67512013646353, 143.83451974925745, 76.81227921786648, 61.64510244245709, 48.04320341086304, 66.54182328686785, 104.33940548085539, 98.11804584154693, 44.17537368675612, 41.125290849035274, 101.57784986959143, 145.8826898710352, 69.02378586717644, 61.99105475304329, 160.08324513082638, 149.75763158446605, 117.4103149313941]

landmark_31:
Frequency (Hz): [0.0, 0.006666666666666667, 0.013333333333333334, 0.02, 0.02666666666666667, 0.03333333333333333, 0.04, 0.04666666666666667, 0.05333333333333334, 0.060000000000000005, 0.06666666666666667, 0.07333333333333333, 0.08, 0.08666666666666667, 0.09333333333333334, 0.1, 0.10666666666666667, 0.11333333333333334, 0.12000000000000001, 0.12666666666666668, 0.13333333333333333, 0.14, 0.14666666666666667, 0.15333333333333335, 0.16, 0.16666666666666669, 0.17333333333333334, 0.18000000000000002, 0.18666666666666668, 0.19333333333333336, 0.2, 0.2066666666666667, 0.21333333333333335, 0.22, 0.22666666666666668, 0.23333333333333334, 0.24000000000000002, 0.24666666666666667, 0.25333333333333335, 0.26, 0.26666666666666666, 0.2733333333333334, 0.28, 0.2866666666666667, 0.29333333333333333, 0.30000000000000004, 0.3066666666666667, 0.31333333333333335, 0.32, 0.32666666666666666, 0.33333333333333337, 0.34, 0.3466666666666667, 0.35333333333333333, 0.36000000000000004, 0.3666666666666667, 0.37333333333333335, 0.38, 0.3866666666666667, 0.39333333333333337, 0.4, 0.4066666666666667, 0.4133333333333334, 0.42000000000000004, 0.4266666666666667, 0.43333333333333335, 0.44, 0.4466666666666667, 0.45333333333333337, 0.46, 0.4666666666666667, 0.4733333333333334, 0.48000000000000004, 0.4866666666666667, 0.49333333333333335]
Amplitude: [54301.20758299633, 713.8427160759926, 2698.074191464127, 626.7079103661797, 783.3654699803037, 883.3735984736733, 1038.3452401163695, 656.4735395749062, 292.91071367066206, 83.87720886673965, 329.1776936337267, 425.28568319964916, 188.1428323263417, 396.33897013839197, 340.8624213137944, 563.3275972312695, 226.38533409423846, 191.6846387984073, 365.20371752122014, 412.3525767819418, 210.74100858315765, 380.034143947708, 233.65519141742766, 154.3668812818882, 395.5217931082793, 253.84034112232666, 133.16231410440008, 160.76265026322523, 231.9981750048086, 209.94925248369924, 178.74229664671873, 181.38318294829784, 132.42443590141724, 66.81311985523206, 221.47032176883712, 96.57674451624955, 16.516048713342887, 103.3207981893563, 137.9335903060019, 64.9520864046736, 257.3350551569965, 49.664091561587405, 113.77863713416967, 65.4346166975408, 155.07697199151474, 33.406740553724646, 129.3689931316939, 118.24794951345638, 17.508188834920094, 162.13298170316173, 107.50457052817332, 155.3346949853477, 89.26986473901106, 61.74860666661502, 150.08364032510872, 123.6357774885966, 150.37010959877696, 54.45023454623883, 89.17306029887526, 151.77517299163094, 98.11667205338917, 108.70385542813182, 91.79173295101063, 44.95495346874107, 118.56375606514314, 32.902861575713786, 61.39940886596312, 112.04525130956685, 81.58777242664277, 60.93096307894341, 143.09832906313974, 93.17691256934306, 96.08600280006252, 127.27183252432087, 91.02445076135942]

landmark_32:
Frequency (Hz): [0.0, 0.006666666666666667, 0.013333333333333334, 0.02, 0.02666666666666667, 0.03333333333333333, 0.04, 0.04666666666666667, 0.05333333333333334, 0.060000000000000005, 0.06666666666666667, 0.07333333333333333, 0.08, 0.08666666666666667, 0.09333333333333334, 0.1, 0.10666666666666667, 0.11333333333333334, 0.12000000000000001, 0.12666666666666668, 0.13333333333333333, 0.14, 0.14666666666666667, 0.15333333333333335, 0.16, 0.16666666666666669, 0.17333333333333334, 0.18000000000000002, 0.18666666666666668, 0.19333333333333336, 0.2, 0.2066666666666667, 0.21333333333333335, 0.22, 0.22666666666666668, 0.23333333333333334, 0.24000000000000002, 0.24666666666666667, 0.25333333333333335, 0.26, 0.26666666666666666, 0.2733333333333334, 0.28, 0.2866666666666667, 0.29333333333333333, 0.30000000000000004, 0.3066666666666667, 0.31333333333333335, 0.32, 0.32666666666666666, 0.33333333333333337, 0.34, 0.3466666666666667, 0.35333333333333333, 0.36000000000000004, 0.3666666666666667, 0.37333333333333335, 0.38, 0.3866666666666667, 0.39333333333333337, 0.4, 0.4066666666666667, 0.4133333333333334, 0.42000000000000004, 0.4266666666666667, 0.43333333333333335, 0.44, 0.4466666666666667, 0.45333333333333337, 0.46, 0.4666666666666667, 0.4733333333333334, 0.48000000000000004, 0.4866666666666667, 0.49333333333333335]
Amplitude: [72964.95242360482, 2596.205802106537, 1262.8631585158769, 2101.2256596275024, 128.8931789067634, 1035.536077077827, 987.73988509687, 1731.9816930607128, 1733.2283669399735, 2223.2894347549777, 1066.44861429355, 846.1205649361904, 346.46654463585645, 825.8283294199176, 537.1834657891762, 282.9974033702819, 674.8838068573708, 541.5010064290542, 123.28672250422989, 270.43634708087563, 555.9443493953148, 703.1989311910921, 668.8788662762369, 72.19374372547766, 227.91186155182422, 229.7372108047375, 286.92478933842295, 227.72272504449913, 143.7589718908, 208.34288278272115, 375.42838316122413, 118.13706330565729, 120.58394918128995, 62.6773036068135, 70.75715846711081, 91.11337185113149, 102.26412102244451, 69.13300158336298, 215.58895078502334, 71.06538958080175, 303.03685094288414, 146.2244979851837, 72.56591058840532, 215.86189039401827, 227.84749177757575, 131.49776078566893, 36.089907133744326, 160.68560769188016, 258.24724598059123, 21.020991220234215, 226.5068930391163, 43.751515792950634, 109.48595231723954, 45.99609684961043, 140.26870277689662, 65.30682133069477, 105.53901136278338, 55.17562504759122, 188.1378021703214, 178.58779234846006, 54.24312644306036, 46.13830523519109, 67.20843150454431, 74.53541814561682, 126.08757138064612, 101.16346329068847, 40.10307347082986, 33.27660938846799, 122.9564897486339, 116.00195785400558, 95.53712779562001, 34.389715314602, 166.24489390074402, 173.64286535183518, 92.42469512369203]

