landmark_0:
Frequency (Hz): [0.0, 0.006756756756756757, 0.013513513513513514, 0.02027027027027027, 0.02702702702702703, 0.033783783783783786, 0.04054054054054054, 0.0472972972972973, 0.05405405405405406, 0.060810810810810814, 0.06756756756756757, 0.07432432432432433, 0.08108108108108109, 0.08783783783783784, 0.0945945945945946, 0.10135135135135136, 0.10810810810810811, 0.11486486486486487, 0.12162162162162163, 0.1283783783783784, 0.13513513513513514, 0.14189189189189189, 0.14864864864864866, 0.15540540540540543, 0.16216216216216217, 0.16891891891891891, 0.17567567567567569, 0.18243243243243246, 0.1891891891891892, 0.19594594594594594, 0.20270270270270271, 0.20945945945945948, 0.21621621621621623, 0.22297297297297297, 0.22972972972972974, 0.2364864864864865, 0.24324324324324326, 0.25, 0.2567567567567568, 0.26351351351351354, 0.2702702702702703, 0.27702702702702703, 0.28378378378378377, 0.29054054054054057, 0.2972972972972973, 0.30405405405405406, 0.31081081081081086, 0.3175675675675676, 0.32432432432432434, 0.3310810810810811, 0.33783783783783783, 0.3445945945945946, 0.35135135135135137, 0.3581081081081081, 0.3648648648648649, 0.37162162162162166, 0.3783783783783784, 0.38513513513513514, 0.3918918918918919, 0.3986486486486487, 0.40540540540540543, 0.41216216216216217, 0.41891891891891897, 0.4256756756756757, 0.43243243243243246, 0.4391891891891892, 0.44594594594594594, 0.45270270270270274, 0.4594594594594595, 0.46621621621621623, 0.472972972972973, 0.47972972972972977, 0.4864864864864865, 0.49324324324324326]
Amplitude: [89644.21313711871, 397.98380571480044, 134.38928386138898, 726.5082735428313, 1131.9968112352442, 529.8276965015908, 242.86521823009522, 336.44492704776485, 190.18727299650507, 327.06956344094215, 222.42387487274664, 179.75060319580993, 178.14296743078543, 189.88628617034652, 69.32922126521026, 131.76962568400742, 139.88981843991942, 213.15956187563938, 100.06408390900596, 72.88487155325633, 115.81180645169884, 115.77055730838389, 78.40059473910401, 54.890285898536646, 25.25137070226917, 60.33752750487731, 87.06627153913692, 31.85128391196881, 60.28391663861361, 12.31339156371431, 68.64946886287873, 22.547785720101686, 45.20142967286255, 34.03631779693731, 61.6551227696158, 51.07185346180555, 36.43254712231201, 26.766096710137614, 35.093269303479346, 13.000290179815824, 40.8298638528618, 68.97042487028823, 38.219863702298625, 23.1168707702103, 56.204989890768815, 43.46997792373161, 11.726828719515382, 74.61919276567005, 31.689830991895267, 38.35841224629995, 51.318331286117356, 25.25791717204093, 37.99328597585417, 22.70337251016328, 37.61446393549421, 15.52198262806306, 57.465011573101826, 8.500089806721482, 32.9961584590591, 22.742476355162545, 27.85938664332722, 38.39488293954654, 24.328884942185883, 31.555597122754165, 51.04366981265368, 40.77390714145187, 5.021453978978012, 31.85232387904206, 33.38669904730098, 63.79686679572658, 20.741309909895534, 13.30083556847007, 38.76467991402086, 4.166766387793302]

landmark_1:
Frequency (Hz): [0.0, 0.006756756756756757, 0.013513513513513514, 0.02027027027027027, 0.02702702702702703, 0.033783783783783786, 0.04054054054054054, 0.0472972972972973, 0.05405405405405406, 0.060810810810810814, 0.06756756756756757, 0.07432432432432433, 0.08108108108108109, 0.08783783783783784, 0.0945945945945946, 0.10135135135135136, 0.10810810810810811, 0.11486486486486487, 0.12162162162162163, 0.1283783783783784, 0.13513513513513514, 0.14189189189189189, 0.14864864864864866, 0.15540540540540543, 0.16216216216216217, 0.16891891891891891, 0.17567567567567569, 0.18243243243243246, 0.1891891891891892, 0.19594594594594594, 0.20270270270270271, 0.20945945945945948, 0.21621621621621623, 0.22297297297297297, 0.22972972972972974, 0.2364864864864865, 0.24324324324324326, 0.25, 0.2567567567567568, 0.26351351351351354, 0.2702702702702703, 0.27702702702702703, 0.28378378378378377, 0.29054054054054057, 0.2972972972972973, 0.30405405405405406, 0.31081081081081086, 0.3175675675675676, 0.32432432432432434, 0.3310810810810811, 0.33783783783783783, 0.3445945945945946, 0.35135135135135137, 0.3581081081081081, 0.3648648648648649, 0.37162162162162166, 0.3783783783783784, 0.38513513513513514, 0.3918918918918919, 0.3986486486486487, 0.40540540540540543, 0.41216216216216217, 0.41891891891891897, 0.4256756756756757, 0.43243243243243246, 0.4391891891891892, 0.44594594594594594, 0.45270270270270274, 0.4594594594594595, 0.46621621621621623, 0.472972972972973, 0.47972972972972977, 0.4864864864864865, 0.49324324324324326]
Amplitude: [89438.06108149701, 314.6909697306197, 185.5170587355072, 657.7620122155588, 1094.4091755005936, 527.1633827798645, 276.5788325255459, 294.57007871098085, 209.68548950418938, 278.3011627656186, 187.6020303309762, 170.8016888537563, 152.9442804128534, 165.92146144737455, 83.6077386495129, 117.52361024549349, 115.97473963332523, 186.86898878555405, 86.6747130020679, 68.58316182649989, 110.12810869829528, 106.60102952953477, 67.66195996395828, 45.13689057223566, 26.05249292794163, 58.45548124529859, 86.16521624937342, 30.635538455759164, 52.681438070335346, 10.935264350633062, 55.49868961592622, 14.574782985947458, 44.85254448402092, 35.39506375162407, 57.35984861726336, 42.895759275989576, 28.85710817704511, 27.955438188827223, 27.604091765734704, 14.34355484766749, 42.329189440485884, 64.38524824437191, 27.23612200304479, 18.12094352768755, 53.129380579932786, 45.51146570618087, 10.136323209986864, 67.22372821180419, 32.87821974271707, 42.739220707449455, 48.544809036968935, 22.212876749114493, 34.4235367002083, 18.640296575219907, 29.41646413238341, 14.209728608496542, 51.406067199839164, 10.13403872890321, 27.83685552155877, 22.43473545610392, 26.753518666254617, 36.87316650659319, 22.553352010999067, 28.75210557335437, 43.60641257172008, 37.99762889997694, 6.476740654737809, 28.386751520118928, 30.469998142529864, 55.34057297308061, 19.854580927707154, 14.290824250529043, 35.71677198713741, 9.182975143712508]

landmark_2:
Frequency (Hz): [0.0, 0.006756756756756757, 0.013513513513513514, 0.02027027027027027, 0.02702702702702703, 0.033783783783783786, 0.04054054054054054, 0.0472972972972973, 0.05405405405405406, 0.060810810810810814, 0.06756756756756757, 0.07432432432432433, 0.08108108108108109, 0.08783783783783784, 0.0945945945945946, 0.10135135135135136, 0.10810810810810811, 0.11486486486486487, 0.12162162162162163, 0.1283783783783784, 0.13513513513513514, 0.14189189189189189, 0.14864864864864866, 0.15540540540540543, 0.16216216216216217, 0.16891891891891891, 0.17567567567567569, 0.18243243243243246, 0.1891891891891892, 0.19594594594594594, 0.20270270270270271, 0.20945945945945948, 0.21621621621621623, 0.22297297297297297, 0.22972972972972974, 0.2364864864864865, 0.24324324324324326, 0.25, 0.2567567567567568, 0.26351351351351354, 0.2702702702702703, 0.27702702702702703, 0.28378378378378377, 0.29054054054054057, 0.2972972972972973, 0.30405405405405406, 0.31081081081081086, 0.3175675675675676, 0.32432432432432434, 0.3310810810810811, 0.33783783783783783, 0.3445945945945946, 0.35135135135135137, 0.3581081081081081, 0.3648648648648649, 0.37162162162162166, 0.3783783783783784, 0.38513513513513514, 0.3918918918918919, 0.3986486486486487, 0.40540540540540543, 0.41216216216216217, 0.41891891891891897, 0.4256756756756757, 0.43243243243243246, 0.4391891891891892, 0.44594594594594594, 0.45270270270270274, 0.4594594594594595, 0.46621621621621623, 0.472972972972973, 0.47972972972972977, 0.4864864864864865, 0.49324324324324326]
Amplitude: [89528.60525489025, 310.4747309624458, 191.10680454983344, 649.8176905891, 1088.8658267657058, 532.8477738212023, 279.9588778526733, 299.7701302184685, 209.87426237172087, 278.84197186375474, 186.83860793888067, 170.94357763706637, 151.0028472454724, 167.2800197353911, 82.38120134378016, 118.29357798952023, 114.58863677547005, 185.40865195791682, 87.10354238802886, 67.26660904365689, 108.84537209650806, 107.15331873553893, 67.47725913972226, 44.224358455625264, 26.881994569476173, 57.264474793371875, 87.94549392213548, 30.690917094196394, 52.94272378494994, 9.734417825825126, 55.98979711122032, 14.922889374755036, 43.63933585138039, 34.799569049318734, 58.904811828452594, 42.79418611481289, 29.01446714599803, 28.01467241737891, 28.430161663912642, 14.5353944929341, 41.65445434851704, 65.17162315249942, 26.29367304492453, 18.10874637770314, 53.15023647364877, 45.4120098720321, 10.329559446101817, 67.4726329367088, 32.84940982650559, 42.88802746423632, 48.442619354723796, 22.533754668125766, 34.41341256331894, 18.392428811482965, 29.971817897946774, 14.005881610914866, 51.50362707512051, 9.816169938510978, 27.07234089667014, 22.024233106151623, 26.921932004261173, 37.1060956422434, 22.745470263125522, 28.446558876942298, 43.5980418604457, 37.4759375499532, 6.343942675024693, 28.282362600962706, 30.853400889606736, 55.63527440001168, 19.64568690338952, 14.389703889801364, 35.68521201373265, 9.177039742190777]

landmark_3:
Frequency (Hz): [0.0, 0.006756756756756757, 0.013513513513513514, 0.02027027027027027, 0.02702702702702703, 0.033783783783783786, 0.04054054054054054, 0.0472972972972973, 0.05405405405405406, 0.060810810810810814, 0.06756756756756757, 0.07432432432432433, 0.08108108108108109, 0.08783783783783784, 0.0945945945945946, 0.10135135135135136, 0.10810810810810811, 0.11486486486486487, 0.12162162162162163, 0.1283783783783784, 0.13513513513513514, 0.14189189189189189, 0.14864864864864866, 0.15540540540540543, 0.16216216216216217, 0.16891891891891891, 0.17567567567567569, 0.18243243243243246, 0.1891891891891892, 0.19594594594594594, 0.20270270270270271, 0.20945945945945948, 0.21621621621621623, 0.22297297297297297, 0.22972972972972974, 0.2364864864864865, 0.24324324324324326, 0.25, 0.2567567567567568, 0.26351351351351354, 0.2702702702702703, 0.27702702702702703, 0.28378378378378377, 0.29054054054054057, 0.2972972972972973, 0.30405405405405406, 0.31081081081081086, 0.3175675675675676, 0.32432432432432434, 0.3310810810810811, 0.33783783783783783, 0.3445945945945946, 0.35135135135135137, 0.3581081081081081, 0.3648648648648649, 0.37162162162162166, 0.3783783783783784, 0.38513513513513514, 0.3918918918918919, 0.3986486486486487, 0.40540540540540543, 0.41216216216216217, 0.41891891891891897, 0.4256756756756757, 0.43243243243243246, 0.4391891891891892, 0.44594594594594594, 0.45270270270270274, 0.4594594594594595, 0.46621621621621623, 0.472972972972973, 0.47972972972972977, 0.4864864864864865, 0.49324324324324326]
Amplitude: [89614.5444641521, 307.96178250815984, 197.2665083054489, 641.0431872032779, 1083.797848516846, 541.1367813672629, 283.129472306647, 304.9468178315826, 210.20896765341993, 279.4756551972348, 185.4833554662269, 172.67499958399247, 148.35243244646443, 169.49676901515232, 81.6769496112007, 119.08310149932487, 113.11190587164997, 183.89758881425038, 87.69951790666144, 66.43960797267313, 108.2378573105049, 107.41135935249504, 67.13725156964801, 43.393737718581235, 27.30998246358782, 56.054102967798926, 89.12522976358568, 31.123702792254573, 53.07519718198226, 8.315249083238614, 57.0251917322574, 15.060225879148629, 42.86805231521939, 33.96262988078308, 60.57054901362362, 43.03919482304398, 29.01683926263591, 27.915123010781798, 29.274259226301325, 14.636107032238794, 40.75663808040825, 65.98343084414348, 25.460598825853445, 17.909127200992064, 53.281048111556125, 45.29334224588437, 10.750515584502532, 67.66346323804578, 32.93881104135533, 42.97416592669399, 48.35000764390705, 22.805400357624656, 34.4727644745699, 18.21774415881613, 30.818793333785518, 13.752054086170963, 51.277995069690704, 9.476170914744035, 26.22281965865515, 21.484930321320633, 27.460467779774532, 37.081472432306555, 23.175518131141253, 28.177421419857474, 43.9396167493068, 37.01619807433432, 6.391329998325663, 28.01098772150125, 31.02850021814042, 56.032324384993785, 19.280020211394994, 14.552218295864224, 35.569807739399145, 9.07289457525546]

landmark_4:
Frequency (Hz): [0.0, 0.006756756756756757, 0.013513513513513514, 0.02027027027027027, 0.02702702702702703, 0.033783783783783786, 0.04054054054054054, 0.0472972972972973, 0.05405405405405406, 0.060810810810810814, 0.06756756756756757, 0.07432432432432433, 0.08108108108108109, 0.08783783783783784, 0.0945945945945946, 0.10135135135135136, 0.10810810810810811, 0.11486486486486487, 0.12162162162162163, 0.1283783783783784, 0.13513513513513514, 0.14189189189189189, 0.14864864864864866, 0.15540540540540543, 0.16216216216216217, 0.16891891891891891, 0.17567567567567569, 0.18243243243243246, 0.1891891891891892, 0.19594594594594594, 0.20270270270270271, 0.20945945945945948, 0.21621621621621623, 0.22297297297297297, 0.22972972972972974, 0.2364864864864865, 0.24324324324324326, 0.25, 0.2567567567567568, 0.26351351351351354, 0.2702702702702703, 0.27702702702702703, 0.28378378378378377, 0.29054054054054057, 0.2972972972972973, 0.30405405405405406, 0.31081081081081086, 0.3175675675675676, 0.32432432432432434, 0.3310810810810811, 0.33783783783783783, 0.3445945945945946, 0.35135135135135137, 0.3581081081081081, 0.3648648648648649, 0.37162162162162166, 0.3783783783783784, 0.38513513513513514, 0.3918918918918919, 0.3986486486486487, 0.40540540540540543, 0.41216216216216217, 0.41891891891891897, 0.4256756756756757, 0.43243243243243246, 0.4391891891891892, 0.44594594594594594, 0.45270270270270274, 0.4594594594594595, 0.46621621621621623, 0.472972972972973, 0.47972972972972977, 0.4864864864864865, 0.49324324324324326]
Amplitude: [89766.33571267212, 413.3088530961545, 135.29127492962354, 781.021808715507, 1141.7080766506779, 567.4617359460062, 239.00225007309794, 301.4277860493464, 213.47827362781362, 289.12657735190135, 195.90007186061862, 190.10624828460467, 164.7413287597409, 163.37595715304423, 90.89474260315885, 136.59217705687854, 132.92133143791617, 213.00729026180073, 84.01129271688514, 71.66253833127055, 118.83735521242706, 121.31852138878692, 73.37194813947832, 49.261015181496305, 31.323732947363848, 66.97841779791374, 89.74020181214904, 27.54987439174368, 58.76257350403414, 12.964357582159588, 55.91863013303925, 10.916582092078201, 45.659095341986955, 38.85561929086889, 62.622922629968734, 47.34385621756171, 27.728190483024388, 30.646754404900637, 29.035819770342158, 15.177037674190391, 44.283074157957714, 68.94364940531047, 24.196266907173108, 18.83357341680848, 60.28518877811776, 49.41781337533252, 12.138734979085761, 71.04815836692188, 35.27591174069536, 43.87180511332716, 52.79148880726446, 18.705024771716428, 38.52358913605685, 22.455842438996616, 33.96297546974974, 19.88641636962163, 47.66146025092293, 9.363518682927513, 36.213609873274436, 24.973433807056125, 25.650686689962846, 38.74902051903043, 23.143029527108087, 33.02463142761873, 43.45923082585516, 36.594003164847635, 10.460789386603869, 29.303213675517295, 32.73831457178333, 58.55353856319509, 19.142277124452843, 17.95143072810125, 35.067118039007575, 11.701852948364731]

landmark_5:
Frequency (Hz): [0.0, 0.006756756756756757, 0.013513513513513514, 0.02027027027027027, 0.02702702702702703, 0.033783783783783786, 0.04054054054054054, 0.0472972972972973, 0.05405405405405406, 0.060810810810810814, 0.06756756756756757, 0.07432432432432433, 0.08108108108108109, 0.08783783783783784, 0.0945945945945946, 0.10135135135135136, 0.10810810810810811, 0.11486486486486487, 0.12162162162162163, 0.1283783783783784, 0.13513513513513514, 0.14189189189189189, 0.14864864864864866, 0.15540540540540543, 0.16216216216216217, 0.16891891891891891, 0.17567567567567569, 0.18243243243243246, 0.1891891891891892, 0.19594594594594594, 0.20270270270270271, 0.20945945945945948, 0.21621621621621623, 0.22297297297297297, 0.22972972972972974, 0.2364864864864865, 0.24324324324324326, 0.25, 0.2567567567567568, 0.26351351351351354, 0.2702702702702703, 0.27702702702702703, 0.28378378378378377, 0.29054054054054057, 0.2972972972972973, 0.30405405405405406, 0.31081081081081086, 0.3175675675675676, 0.32432432432432434, 0.3310810810810811, 0.33783783783783783, 0.3445945945945946, 0.35135135135135137, 0.3581081081081081, 0.3648648648648649, 0.37162162162162166, 0.3783783783783784, 0.38513513513513514, 0.3918918918918919, 0.3986486486486487, 0.40540540540540543, 0.41216216216216217, 0.41891891891891897, 0.4256756756756757, 0.43243243243243246, 0.4391891891891892, 0.44594594594594594, 0.45270270270270274, 0.4594594594594595, 0.46621621621621623, 0.472972972972973, 0.47972972972972977, 0.4864864864864865, 0.49324324324324326]
Amplitude: [89507.69321141354, 428.61171789233475, 124.0338154636047, 793.9384914957096, 1147.4942683731656, 573.795254974648, 234.9361240542608, 296.6149556542331, 221.00417893579893, 290.06413947918537, 198.35196463428701, 192.6755574593434, 163.6088341019508, 161.0005651497285, 96.2446164568803, 137.82651628619513, 132.28511668866588, 214.83194049356672, 85.23093492782036, 73.01617849731161, 120.01223232639168, 119.95565897220415, 71.98566201968954, 49.19268432177182, 31.4462333423946, 68.40883209192548, 89.05315907044971, 29.530535739016447, 59.65985521352967, 14.98050487655083, 55.65186178456206, 9.617869576349992, 47.76622061386546, 39.11354771391499, 62.82999522381625, 46.451242937235214, 27.439705997701477, 30.55215563939857, 28.62926264870662, 15.45712774168881, 43.05311542895426, 69.40104877824662, 23.6335025455958, 18.720018788371565, 61.25397613472089, 49.585089826268906, 12.807455499362161, 70.5787596151525, 35.86592877252444, 43.9452707195565, 52.46858786055793, 18.6050791010828, 38.96344222648556, 23.12584781266853, 32.92621375381412, 20.046188996350896, 46.862065553942934, 9.223241708797847, 36.73534931506245, 24.76368828933995, 26.138851921420503, 38.620601979493685, 22.624813629232815, 33.68536728162402, 43.81596214699406, 36.581043074436295, 10.068171544199124, 29.007968134229905, 31.862331252690034, 59.04502542367735, 19.353190718747978, 18.486518163742133, 34.89715782385588, 11.734440971543458]

landmark_6:
Frequency (Hz): [0.0, 0.006756756756756757, 0.013513513513513514, 0.02027027027027027, 0.02702702702702703, 0.033783783783783786, 0.04054054054054054, 0.0472972972972973, 0.05405405405405406, 0.060810810810810814, 0.06756756756756757, 0.07432432432432433, 0.08108108108108109, 0.08783783783783784, 0.0945945945945946, 0.10135135135135136, 0.10810810810810811, 0.11486486486486487, 0.12162162162162163, 0.1283783783783784, 0.13513513513513514, 0.14189189189189189, 0.14864864864864866, 0.15540540540540543, 0.16216216216216217, 0.16891891891891891, 0.17567567567567569, 0.18243243243243246, 0.1891891891891892, 0.19594594594594594, 0.20270270270270271, 0.20945945945945948, 0.21621621621621623, 0.22297297297297297, 0.22972972972972974, 0.2364864864864865, 0.24324324324324326, 0.25, 0.2567567567567568, 0.26351351351351354, 0.2702702702702703, 0.27702702702702703, 0.28378378378378377, 0.29054054054054057, 0.2972972972972973, 0.30405405405405406, 0.31081081081081086, 0.3175675675675676, 0.32432432432432434, 0.3310810810810811, 0.33783783783783783, 0.3445945945945946, 0.35135135135135137, 0.3581081081081081, 0.3648648648648649, 0.37162162162162166, 0.3783783783783784, 0.38513513513513514, 0.3918918918918919, 0.3986486486486487, 0.40540540540540543, 0.41216216216216217, 0.41891891891891897, 0.4256756756756757, 0.43243243243243246, 0.4391891891891892, 0.44594594594594594, 0.45270270270270274, 0.4594594594594595, 0.46621621621621623, 0.472972972972973, 0.47972972972972977, 0.4864864864864865, 0.49324324324324326]
Amplitude: [89215.08641365624, 449.7505443498506, 112.79195309095115, 807.602308533221, 1155.1815014839926, 582.421858968425, 234.08493202051008, 293.2821376753955, 230.58425218587973, 289.6848783012144, 198.0901728234468, 196.53829056909967, 160.29669191747192, 160.50061296894765, 99.95587742088112, 138.36565084975229, 132.1289073415147, 217.1726140441896, 85.3470369176325, 74.44285262459427, 120.92548747660732, 119.32515021893977, 71.41449741356449, 49.63238452078337, 30.5574781612927, 69.70679332243137, 88.68600973677665, 31.025103800327702, 60.78442032264059, 16.148039392984035, 56.10345084140427, 8.204555346877, 48.48825842570519, 39.21037185756843, 63.80066001051116, 45.706245845342565, 27.370960715222125, 29.554512663750568, 28.490977841764586, 14.601229020023538, 42.61496947269124, 69.91351388827651, 22.5772385426747, 18.33661383562449, 61.87201556603572, 49.97623955227694, 13.952442922433173, 70.52056746935126, 36.37728513474037, 43.15723368058872, 52.581335220441645, 19.059167901274304, 39.22266164735982, 23.063361476970734, 32.75153068008828, 20.110566329649455, 46.17853568802694, 9.266899450417947, 37.6096576321766, 24.41693463941775, 27.150312019050887, 38.87400614991112, 22.599042032320916, 34.37731490020799, 44.372645243350654, 36.87173858615899, 10.283241968438077, 29.340966818500277, 30.76908520696809, 59.26460105139046, 20.51303132881558, 18.820026994122923, 34.83534121350408, 11.91412436378465]

landmark_7:
Frequency (Hz): [0.0, 0.006756756756756757, 0.013513513513513514, 0.02027027027027027, 0.02702702702702703, 0.033783783783783786, 0.04054054054054054, 0.0472972972972973, 0.05405405405405406, 0.060810810810810814, 0.06756756756756757, 0.07432432432432433, 0.08108108108108109, 0.08783783783783784, 0.0945945945945946, 0.10135135135135136, 0.10810810810810811, 0.11486486486486487, 0.12162162162162163, 0.1283783783783784, 0.13513513513513514, 0.14189189189189189, 0.14864864864864866, 0.15540540540540543, 0.16216216216216217, 0.16891891891891891, 0.17567567567567569, 0.18243243243243246, 0.1891891891891892, 0.19594594594594594, 0.20270270270270271, 0.20945945945945948, 0.21621621621621623, 0.22297297297297297, 0.22972972972972974, 0.2364864864864865, 0.24324324324324326, 0.25, 0.2567567567567568, 0.26351351351351354, 0.2702702702702703, 0.27702702702702703, 0.28378378378378377, 0.29054054054054057, 0.2972972972972973, 0.30405405405405406, 0.31081081081081086, 0.3175675675675676, 0.32432432432432434, 0.3310810810810811, 0.33783783783783783, 0.3445945945945946, 0.35135135135135137, 0.3581081081081081, 0.3648648648648649, 0.37162162162162166, 0.3783783783783784, 0.38513513513513514, 0.3918918918918919, 0.3986486486486487, 0.40540540540540543, 0.41216216216216217, 0.41891891891891897, 0.4256756756756757, 0.43243243243243246, 0.4391891891891892, 0.44594594594594594, 0.45270270270270274, 0.4594594594594595, 0.46621621621621623, 0.472972972972973, 0.47972972972972977, 0.4864864864864865, 0.49324324324324326]
Amplitude: [85134.33662986984, 449.6620825022806, 573.751628546069, 250.97432426678228, 1066.5022022340056, 313.4028199139221, 387.12460321772505, 68.57048275765571, 204.01330540163733, 128.79456841442388, 89.41579857113321, 104.87459603868054, 64.34987383220708, 38.77806173434946, 73.57377366242515, 50.32158465732872, 30.817882787000833, 48.666939368004265, 23.299779187063322, 47.62607432918465, 64.83179488811058, 45.591251639220076, 30.201919183745698, 2.1621280001972507, 19.255182019273473, 29.676183400029064, 43.68261344108959, 23.413678558435144, 13.72330146224501, 19.10308462391244, 14.347601551699439, 11.325241773138048, 27.376385762771605, 25.572945980398305, 25.010175646948465, 12.440762875569073, 12.345900373504104, 9.719604856252651, 7.484969924933944, 12.133814348807489, 27.191155704166057, 29.43120322748408, 7.550691781128505, 15.097805276981944, 37.704369852479076, 25.815319528104663, 16.538147733876503, 22.7439173304222, 23.368800793477195, 32.475041222685036, 26.14912464406679, 4.176473766114482, 12.84110463410129, 11.777418373452658, 11.619812743716297, 6.288785749298706, 17.591763327292227, 11.171830082982682, 7.971003257677099, 15.305485979425331, 17.044257611931915, 14.404327183928926, 13.27165796439622, 15.899080920871654, 24.47966993847561, 14.292519038971289, 7.065705184742684, 11.576149062129586, 20.97568695860462, 21.129106208674408, 5.060505643336561, 11.443404021291286, 10.333462842945071, 9.742285800674649]

landmark_8:
Frequency (Hz): [0.0, 0.006756756756756757, 0.013513513513513514, 0.02027027027027027, 0.02702702702702703, 0.033783783783783786, 0.04054054054054054, 0.0472972972972973, 0.05405405405405406, 0.060810810810810814, 0.06756756756756757, 0.07432432432432433, 0.08108108108108109, 0.08783783783783784, 0.0945945945945946, 0.10135135135135136, 0.10810810810810811, 0.11486486486486487, 0.12162162162162163, 0.1283783783783784, 0.13513513513513514, 0.14189189189189189, 0.14864864864864866, 0.15540540540540543, 0.16216216216216217, 0.16891891891891891, 0.17567567567567569, 0.18243243243243246, 0.1891891891891892, 0.19594594594594594, 0.20270270270270271, 0.20945945945945948, 0.21621621621621623, 0.22297297297297297, 0.22972972972972974, 0.2364864864864865, 0.24324324324324326, 0.25, 0.2567567567567568, 0.26351351351351354, 0.2702702702702703, 0.27702702702702703, 0.28378378378378377, 0.29054054054054057, 0.2972972972972973, 0.30405405405405406, 0.31081081081081086, 0.3175675675675676, 0.32432432432432434, 0.3310810810810811, 0.33783783783783783, 0.3445945945945946, 0.35135135135135137, 0.3581081081081081, 0.3648648648648649, 0.37162162162162166, 0.3783783783783784, 0.38513513513513514, 0.3918918918918919, 0.3986486486486487, 0.40540540540540543, 0.41216216216216217, 0.41891891891891897, 0.4256756756756757, 0.43243243243243246, 0.4391891891891892, 0.44594594594594594, 0.45270270270270274, 0.4594594594594595, 0.46621621621621623, 0.472972972972973, 0.47972972972972977, 0.4864864864864865, 0.49324324324324326]
Amplitude: [85511.63653542905, 303.86942520273374, 184.27148913533335, 757.9293059996644, 1116.0994228340767, 498.42618289117974, 283.757304846262, 165.71058937464412, 224.96088056712915, 143.1374074797791, 127.673900385934, 210.27772517581042, 102.1080856233818, 66.61133882646232, 134.69190024144066, 123.86235436684451, 103.23644645270716, 132.31010377841707, 13.140509359698017, 67.83762104066831, 102.68943643122049, 114.67847053369597, 73.40205855636248, 49.73889214948758, 35.592182700784, 101.59462891657078, 57.133403548249795, 24.32209135340915, 41.6254400089755, 36.04371737326039, 26.234166000445448, 7.736942279064666, 52.23743978962694, 39.116907496606075, 31.00155729111766, 23.213493362046773, 10.31248726658148, 27.809756340780865, 17.06285908346268, 21.58686350637231, 49.29437796334195, 54.616650348642665, 23.50492657693825, 23.7271716397409, 58.21581746307355, 39.396936913825705, 32.58592193804798, 43.4982081732118, 34.41123036886661, 47.987247515207066, 36.54714156119915, 4.551821783165494, 37.79254992156904, 34.809740991968305, 22.561061739058154, 25.40712557998133, 20.485303801896755, 5.348145776054951, 24.946737786944354, 25.99758987121286, 21.366595047077766, 29.414580280786794, 13.35203947254087, 39.88047623899234, 30.30989110581382, 16.710060462202936, 15.084853639951174, 25.964563404709256, 33.50863899097448, 41.46713259946835, 26.773019924904485, 22.17791763105426, 25.30004166368672, 22.402855069426543]

landmark_9:
Frequency (Hz): [0.0, 0.006756756756756757, 0.013513513513513514, 0.02027027027027027, 0.02702702702702703, 0.033783783783783786, 0.04054054054054054, 0.0472972972972973, 0.05405405405405406, 0.060810810810810814, 0.06756756756756757, 0.07432432432432433, 0.08108108108108109, 0.08783783783783784, 0.0945945945945946, 0.10135135135135136, 0.10810810810810811, 0.11486486486486487, 0.12162162162162163, 0.1283783783783784, 0.13513513513513514, 0.14189189189189189, 0.14864864864864866, 0.15540540540540543, 0.16216216216216217, 0.16891891891891891, 0.17567567567567569, 0.18243243243243246, 0.1891891891891892, 0.19594594594594594, 0.20270270270270271, 0.20945945945945948, 0.21621621621621623, 0.22297297297297297, 0.22972972972972974, 0.2364864864864865, 0.24324324324324326, 0.25, 0.2567567567567568, 0.26351351351351354, 0.2702702702702703, 0.27702702702702703, 0.28378378378378377, 0.29054054054054057, 0.2972972972972973, 0.30405405405405406, 0.31081081081081086, 0.3175675675675676, 0.32432432432432434, 0.3310810810810811, 0.33783783783783783, 0.3445945945945946, 0.35135135135135137, 0.3581081081081081, 0.3648648648648649, 0.37162162162162166, 0.3783783783783784, 0.38513513513513514, 0.3918918918918919, 0.3986486486486487, 0.40540540540540543, 0.41216216216216217, 0.41891891891891897, 0.4256756756756757, 0.43243243243243246, 0.4391891891891892, 0.44594594594594594, 0.45270270270270274, 0.4594594594594595, 0.46621621621621623, 0.472972972972973, 0.47972972972972977, 0.4864864864864865, 0.49324324324324326]
Amplitude: [86696.35930970842, 235.5692843148547, 251.04587424148716, 543.6459863227873, 1067.3506362890103, 420.6824917178217, 261.26982681163076, 256.81267811766844, 178.52551142409743, 245.4977476287851, 191.45959984111232, 143.85819500325303, 130.035686661505, 133.91596886593865, 72.5878709745658, 97.40794254403333, 97.11868115288735, 154.49137864773573, 64.18260473497548, 73.43028848251011, 99.50876967882608, 85.66107234700797, 69.1032532680855, 43.1735193743514, 21.542195389988407, 63.56623450743399, 66.88421024346313, 33.60809523169351, 43.488153561500155, 12.670670829703734, 41.39730036775886, 19.120539160318113, 36.767300770433955, 32.90135227860531, 42.857745659171734, 36.21754766447214, 25.718933601362533, 18.391589661655814, 25.927028292192627, 11.583161194583722, 40.21824194611227, 53.94557731515947, 26.17218932854922, 21.427972053656166, 53.81877410247824, 38.31871470969759, 11.839423676295764, 53.10608560669983, 31.888878381632356, 39.65144923133408, 43.4535909980862, 17.552168864882955, 27.431670115696914, 16.413116961219476, 25.855461608775517, 9.494444462949653, 46.105545319989865, 8.262043463886476, 19.420761891213193, 21.39151660881853, 25.01470750820889, 30.31893904383474, 22.369289684033376, 26.31407692547071, 39.59055329156198, 32.053281627832, 5.627045010547907, 25.061871071013265, 30.312641962043497, 46.5305066492205, 16.427070560118633, 11.045916673029778, 30.107671955656276, 3.2571863383325454]

landmark_10:
Frequency (Hz): [0.0, 0.006756756756756757, 0.013513513513513514, 0.02027027027027027, 0.02702702702702703, 0.033783783783783786, 0.04054054054054054, 0.0472972972972973, 0.05405405405405406, 0.060810810810810814, 0.06756756756756757, 0.07432432432432433, 0.08108108108108109, 0.08783783783783784, 0.0945945945945946, 0.10135135135135136, 0.10810810810810811, 0.11486486486486487, 0.12162162162162163, 0.1283783783783784, 0.13513513513513514, 0.14189189189189189, 0.14864864864864866, 0.15540540540540543, 0.16216216216216217, 0.16891891891891891, 0.17567567567567569, 0.18243243243243246, 0.1891891891891892, 0.19594594594594594, 0.20270270270270271, 0.20945945945945948, 0.21621621621621623, 0.22297297297297297, 0.22972972972972974, 0.2364864864864865, 0.24324324324324326, 0.25, 0.2567567567567568, 0.26351351351351354, 0.2702702702702703, 0.27702702702702703, 0.28378378378378377, 0.29054054054054057, 0.2972972972972973, 0.30405405405405406, 0.31081081081081086, 0.3175675675675676, 0.32432432432432434, 0.3310810810810811, 0.33783783783783783, 0.3445945945945946, 0.35135135135135137, 0.3581081081081081, 0.3648648648648649, 0.37162162162162166, 0.3783783783783784, 0.38513513513513514, 0.3918918918918919, 0.3986486486486487, 0.40540540540540543, 0.41216216216216217, 0.41891891891891897, 0.4256756756756757, 0.43243243243243246, 0.4391891891891892, 0.44594594594594594, 0.45270270270270274, 0.4594594594594595, 0.46621621621621623, 0.472972972972973, 0.47972972972972977, 0.4864864864864865, 0.49324324324324326]
Amplitude: [87052.4314292873, 328.7380462053779, 163.10330872033444, 713.0251486346347, 1113.9422389689973, 483.9514834138548, 211.30925411207681, 269.4850306736022, 166.8524473943058, 255.1810436457082, 192.37821316407008, 174.67575750412573, 143.7545320999414, 130.00925818455087, 78.68551866592438, 124.72020276156007, 116.95987962105106, 188.9733711587392, 59.18261993330629, 85.29818738858877, 114.91781357664311, 109.24744036703454, 77.89003548088624, 48.3612409927263, 25.799079623277553, 76.06836719713871, 72.3520497119314, 29.0155797021535, 45.919490876473624, 18.27505325481359, 47.01122107389527, 15.872606980413968, 43.988934697716275, 36.44130649919289, 48.94149908948945, 42.43746966081271, 23.847192892755853, 22.750839911760423, 23.87979884396063, 15.228498471736875, 44.38799691800162, 57.67518293843347, 23.579042044063826, 23.32711836735327, 62.08085801417, 45.53706600550208, 15.624758530028958, 61.43147289655638, 33.99795431434156, 43.205545330100946, 47.99719877947542, 12.314268501833443, 34.732048729050256, 23.61779704201311, 29.515586258426342, 18.295269185992936, 41.95631387112602, 8.439682792457798, 26.996037108922337, 28.486657032034433, 24.830548048831552, 34.48519513126406, 21.321069538792973, 31.523527662632358, 39.05692173880068, 32.55229222910515, 10.817323043341421, 27.569109043878434, 34.28634340191284, 51.080650836471136, 16.701467206239855, 14.675835886402188, 27.618036805866083, 8.284732107606322]

landmark_11:
Frequency (Hz): [0.0, 0.006756756756756757, 0.013513513513513514, 0.02027027027027027, 0.02702702702702703, 0.033783783783783786, 0.04054054054054054, 0.0472972972972973, 0.05405405405405406, 0.060810810810810814, 0.06756756756756757, 0.07432432432432433, 0.08108108108108109, 0.08783783783783784, 0.0945945945945946, 0.10135135135135136, 0.10810810810810811, 0.11486486486486487, 0.12162162162162163, 0.1283783783783784, 0.13513513513513514, 0.14189189189189189, 0.14864864864864866, 0.15540540540540543, 0.16216216216216217, 0.16891891891891891, 0.17567567567567569, 0.18243243243243246, 0.1891891891891892, 0.19594594594594594, 0.20270270270270271, 0.20945945945945948, 0.21621621621621623, 0.22297297297297297, 0.22972972972972974, 0.2364864864864865, 0.24324324324324326, 0.25, 0.2567567567567568, 0.26351351351351354, 0.2702702702702703, 0.27702702702702703, 0.28378378378378377, 0.29054054054054057, 0.2972972972972973, 0.30405405405405406, 0.31081081081081086, 0.3175675675675676, 0.32432432432432434, 0.3310810810810811, 0.33783783783783783, 0.3445945945945946, 0.35135135135135137, 0.3581081081081081, 0.3648648648648649, 0.37162162162162166, 0.3783783783783784, 0.38513513513513514, 0.3918918918918919, 0.3986486486486487, 0.40540540540540543, 0.41216216216216217, 0.41891891891891897, 0.4256756756756757, 0.43243243243243246, 0.4391891891891892, 0.44594594594594594, 0.45270270270270274, 0.4594594594594595, 0.46621621621621623, 0.472972972972973, 0.47972972972972977, 0.4864864864864865, 0.49324324324324326]
Amplitude: [81014.7183844377, 1019.0301290604501, 1381.0101958050216, 191.39647322821983, 1336.5303192790373, 369.41955351723374, 487.5204020697394, 78.17876461810143, 183.2358282106392, 98.58785346183863, 7.503966498197431, 112.97578158837258, 83.53837664897145, 22.854372459133156, 49.495694349320544, 21.041350880546634, 23.219478345720955, 24.17264188289117, 56.3921229706346, 20.651030904165832, 19.021271968423086, 37.87616826057501, 8.12432345081683, 7.693011442505457, 24.55033433432795, 7.9124810290280925, 14.7147021736575, 20.019771417783964, 17.7780367106403, 27.604189640109333, 12.4487741380914, 22.656502805348985, 17.21463043643891, 10.191396870742658, 1.6146971342258005, 4.392595032672513, 4.022476952007291, 5.829570487499687, 6.633927865416371, 3.576195317098668, 8.936283769370071, 5.290505336205444, 12.698355241657735, 4.390388491017219, 15.26141644714485, 2.899806307420024, 15.516657732010035, 3.2468791690898207, 13.229486999991934, 12.66441753795874, 4.619105573204411, 6.7098681391766, 4.996556300866952, 12.790287152934683, 9.865817163660079, 6.72897103858714, 9.844699168514277, 10.361046121032244, 3.810811274571569, 7.209749656079214, 8.74378647676917, 1.2980247428733904, 3.7452498630500304, 3.6696441278119147, 11.133655677215447, 6.2807280748664835, 4.5258050474737885, 8.185311213046294, 18.53233329412358, 11.913234266807317, 6.6093596735618165, 8.042553700967431, 6.641541562437, 10.094487704317032]

landmark_12:
Frequency (Hz): [0.0, 0.006756756756756757, 0.013513513513513514, 0.02027027027027027, 0.02702702702702703, 0.033783783783783786, 0.04054054054054054, 0.0472972972972973, 0.05405405405405406, 0.060810810810810814, 0.06756756756756757, 0.07432432432432433, 0.08108108108108109, 0.08783783783783784, 0.0945945945945946, 0.10135135135135136, 0.10810810810810811, 0.11486486486486487, 0.12162162162162163, 0.1283783783783784, 0.13513513513513514, 0.14189189189189189, 0.14864864864864866, 0.15540540540540543, 0.16216216216216217, 0.16891891891891891, 0.17567567567567569, 0.18243243243243246, 0.1891891891891892, 0.19594594594594594, 0.20270270270270271, 0.20945945945945948, 0.21621621621621623, 0.22297297297297297, 0.22972972972972974, 0.2364864864864865, 0.24324324324324326, 0.25, 0.2567567567567568, 0.26351351351351354, 0.2702702702702703, 0.27702702702702703, 0.28378378378378377, 0.29054054054054057, 0.2972972972972973, 0.30405405405405406, 0.31081081081081086, 0.3175675675675676, 0.32432432432432434, 0.3310810810810811, 0.33783783783783783, 0.3445945945945946, 0.35135135135135137, 0.3581081081081081, 0.3648648648648649, 0.37162162162162166, 0.3783783783783784, 0.38513513513513514, 0.3918918918918919, 0.3986486486486487, 0.40540540540540543, 0.41216216216216217, 0.41891891891891897, 0.4256756756756757, 0.43243243243243246, 0.4391891891891892, 0.44594594594594594, 0.45270270270270274, 0.4594594594594595, 0.46621621621621623, 0.472972972972973, 0.47972972972972977, 0.4864864864864865, 0.49324324324324326]
Amplitude: [78480.03777602524, 538.6307673198172, 1261.828241396478, 334.72448933894515, 1412.6890324473125, 514.8136561726247, 132.8751689242902, 195.78647659279994, 165.22972757508998, 55.60000425652104, 131.39995746094058, 288.71579113340414, 75.75930754744756, 24.591531707815832, 184.55085203216908, 176.9888777208096, 162.7832608915961, 130.7858177661938, 32.725681863268605, 70.41364684220223, 78.96889051414323, 128.5146552737356, 44.41792109153492, 79.4051229469145, 42.42118209839268, 121.61347913697706, 108.18130468865246, 9.002640869979414, 57.2356203188486, 46.50905277908349, 20.59918545220241, 13.965999632605962, 60.639924540942864, 53.11177556767795, 31.098265676910103, 21.06812892928832, 17.681229609810813, 24.538578653405644, 10.080913904900262, 27.36177617211344, 21.150384478438617, 75.61892874673889, 23.034627654739285, 11.278265444878684, 42.73484067692115, 31.549316665113846, 23.807285710122716, 59.81738978279528, 23.43396741721368, 46.496324236204494, 47.341753741014614, 9.493165929669646, 46.241990477243384, 24.565690226889046, 22.753430035635073, 35.93386522147263, 10.272650026184312, 19.927217015170434, 19.330585135206263, 47.18997260270003, 23.293874654383508, 47.585123618792665, 23.287618183754763, 44.99446621407978, 28.989503415954005, 22.20095531118098, 8.586150974459121, 29.458223992577977, 21.588885789763246, 44.443899208531874, 22.21653910054663, 20.749828634921336, 44.112374252248216, 15.255933739544016]

landmark_13:
Frequency (Hz): [0.0, 0.006756756756756757, 0.013513513513513514, 0.02027027027027027, 0.02702702702702703, 0.033783783783783786, 0.04054054054054054, 0.0472972972972973, 0.05405405405405406, 0.060810810810810814, 0.06756756756756757, 0.07432432432432433, 0.08108108108108109, 0.08783783783783784, 0.0945945945945946, 0.10135135135135136, 0.10810810810810811, 0.11486486486486487, 0.12162162162162163, 0.1283783783783784, 0.13513513513513514, 0.14189189189189189, 0.14864864864864866, 0.15540540540540543, 0.16216216216216217, 0.16891891891891891, 0.17567567567567569, 0.18243243243243246, 0.1891891891891892, 0.19594594594594594, 0.20270270270270271, 0.20945945945945948, 0.21621621621621623, 0.22297297297297297, 0.22972972972972974, 0.2364864864864865, 0.24324324324324326, 0.25, 0.2567567567567568, 0.26351351351351354, 0.2702702702702703, 0.27702702702702703, 0.28378378378378377, 0.29054054054054057, 0.2972972972972973, 0.30405405405405406, 0.31081081081081086, 0.3175675675675676, 0.32432432432432434, 0.3310810810810811, 0.33783783783783783, 0.3445945945945946, 0.35135135135135137, 0.3581081081081081, 0.3648648648648649, 0.37162162162162166, 0.3783783783783784, 0.38513513513513514, 0.3918918918918919, 0.3986486486486487, 0.40540540540540543, 0.41216216216216217, 0.41891891891891897, 0.4256756756756757, 0.43243243243243246, 0.4391891891891892, 0.44594594594594594, 0.45270270270270274, 0.4594594594594595, 0.46621621621621623, 0.472972972972973, 0.47972972972972977, 0.4864864864864865, 0.49324324324324326]
Amplitude: [85775.22295996065, 594.4456167338026, 2789.9165284228548, 772.8585119697993, 2050.9745234016696, 1232.1394559908208, 765.5592034660338, 195.6354148223145, 258.9198329882807, 152.84658717431145, 142.14766370123627, 91.28378472039607, 132.0693701885137, 22.717350204304548, 222.29772613182428, 59.27478013699935, 157.74043220349984, 91.34823136585587, 75.83060493112934, 19.124750047389053, 40.484387335711475, 31.827019491956914, 29.31336703244986, 32.74258695549679, 63.63701819781145, 47.58409078129943, 37.12394971202557, 56.65716515489302, 35.97601998107391, 24.993180999336083, 9.922027267764834, 40.677288831542356, 34.430372909014345, 13.998191090102944, 46.224556903231885, 77.13666792716117, 53.3706298923537, 41.4560716254973, 22.05603821553383, 34.36508309681495, 8.985229084480176, 22.778494259277764, 15.377481369977593, 4.415999356425569, 13.988586367411214, 12.972248425339965, 19.681682948635434, 28.727567423565816, 21.945300853022765, 34.35577290665656, 12.541440449049912, 25.981628467777778, 14.576233826058282, 31.538183501363996, 15.267824578279107, 23.406995456668422, 9.551189720383057, 11.048208490295174, 20.165684880185154, 1.8078759039407573, 6.327997841822689, 22.427459535890108, 20.78499553764067, 9.04486387860499, 5.414701282778896, 11.789716807041431, 26.951873257390286, 9.760777499018433, 11.53873224200482, 15.841603014643118, 12.244270782725598, 22.273415734174673, 26.322449743380737, 25.223573086788324]

landmark_14:
Frequency (Hz): [0.0, 0.006756756756756757, 0.013513513513513514, 0.02027027027027027, 0.02702702702702703, 0.033783783783783786, 0.04054054054054054, 0.0472972972972973, 0.05405405405405406, 0.060810810810810814, 0.06756756756756757, 0.07432432432432433, 0.08108108108108109, 0.08783783783783784, 0.0945945945945946, 0.10135135135135136, 0.10810810810810811, 0.11486486486486487, 0.12162162162162163, 0.1283783783783784, 0.13513513513513514, 0.14189189189189189, 0.14864864864864866, 0.15540540540540543, 0.16216216216216217, 0.16891891891891891, 0.17567567567567569, 0.18243243243243246, 0.1891891891891892, 0.19594594594594594, 0.20270270270270271, 0.20945945945945948, 0.21621621621621623, 0.22297297297297297, 0.22972972972972974, 0.2364864864864865, 0.24324324324324326, 0.25, 0.2567567567567568, 0.26351351351351354, 0.2702702702702703, 0.27702702702702703, 0.28378378378378377, 0.29054054054054057, 0.2972972972972973, 0.30405405405405406, 0.31081081081081086, 0.3175675675675676, 0.32432432432432434, 0.3310810810810811, 0.33783783783783783, 0.3445945945945946, 0.35135135135135137, 0.3581081081081081, 0.3648648648648649, 0.37162162162162166, 0.3783783783783784, 0.38513513513513514, 0.3918918918918919, 0.3986486486486487, 0.40540540540540543, 0.41216216216216217, 0.41891891891891897, 0.4256756756756757, 0.43243243243243246, 0.4391891891891892, 0.44594594594594594, 0.45270270270270274, 0.4594594594594595, 0.46621621621621623, 0.472972972972973, 0.47972972972972977, 0.4864864864864865, 0.49324324324324326]
Amplitude: [82159.93339922014, 2677.145098308353, 7210.446630846107, 1412.742248717497, 2666.5280991542663, 423.1586214654968, 879.2294147621803, 1219.164017002798, 343.2588878370217, 119.44061133042197, 147.08093424900662, 212.12784262475188, 560.4053142042266, 431.18850146621946, 427.4264849813063, 333.9753781786383, 367.99748949571847, 271.14910374901433, 230.21202080520473, 213.63782690296085, 204.42789934914873, 357.16388073168633, 257.2132909907351, 314.99272998488584, 139.57378119004116, 174.7556166278293, 256.00727389724375, 264.90273179765956, 225.14703998928354, 86.90445498441612, 85.26143322390153, 47.900310425795475, 112.52496105043299, 160.3945103466689, 149.42774099893174, 93.53448973846628, 98.09135675738464, 162.6442432505567, 66.71133673601442, 187.81411069504142, 97.93235834425992, 124.9768217426844, 64.90872466070181, 48.52314738891504, 169.469053973036, 129.43188794198218, 92.76780923480132, 69.70864816098843, 28.988859184811005, 92.88102157015791, 38.542182604131284, 62.59772671881663, 206.61939281770535, 93.25575429723365, 151.04422908833817, 128.25751433976905, 118.60044085689279, 147.4009615161033, 55.61146171400165, 173.36634466019567, 75.29246204489417, 166.35711062196603, 77.5166854412541, 140.5540128157788, 122.23872913208768, 101.3372631084628, 78.0561566081186, 123.43363794380656, 76.24104657091216, 124.64462709108136, 104.08534404440071, 93.1323828464105, 147.45586052127095, 113.31364580536848]

landmark_15:
Frequency (Hz): [0.0, 0.006756756756756757, 0.013513513513513514, 0.02027027027027027, 0.02702702702702703, 0.033783783783783786, 0.04054054054054054, 0.0472972972972973, 0.05405405405405406, 0.060810810810810814, 0.06756756756756757, 0.07432432432432433, 0.08108108108108109, 0.08783783783783784, 0.0945945945945946, 0.10135135135135136, 0.10810810810810811, 0.11486486486486487, 0.12162162162162163, 0.1283783783783784, 0.13513513513513514, 0.14189189189189189, 0.14864864864864866, 0.15540540540540543, 0.16216216216216217, 0.16891891891891891, 0.17567567567567569, 0.18243243243243246, 0.1891891891891892, 0.19594594594594594, 0.20270270270270271, 0.20945945945945948, 0.21621621621621623, 0.22297297297297297, 0.22972972972972974, 0.2364864864864865, 0.24324324324324326, 0.25, 0.2567567567567568, 0.26351351351351354, 0.2702702702702703, 0.27702702702702703, 0.28378378378378377, 0.29054054054054057, 0.2972972972972973, 0.30405405405405406, 0.31081081081081086, 0.3175675675675676, 0.32432432432432434, 0.3310810810810811, 0.33783783783783783, 0.3445945945945946, 0.35135135135135137, 0.3581081081081081, 0.3648648648648649, 0.37162162162162166, 0.3783783783783784, 0.38513513513513514, 0.3918918918918919, 0.3986486486486487, 0.40540540540540543, 0.41216216216216217, 0.41891891891891897, 0.4256756756756757, 0.43243243243243246, 0.4391891891891892, 0.44594594594594594, 0.45270270270270274, 0.4594594594594595, 0.46621621621621623, 0.472972972972973, 0.47972972972972977, 0.4864864864864865, 0.49324324324324326]
Amplitude: [92162.53460921571, 1095.8046059371195, 3274.2000723276406, 1184.4469994872395, 1909.8249234388136, 974.0740131136765, 1653.1184133333445, 909.6467613105502, 588.7402799949049, 272.72913271293356, 329.6253886792617, 503.5243562165997, 588.7277019830815, 264.8194420820689, 332.7331129335288, 315.53761911646683, 451.874098861214, 302.90637310252345, 172.92594637732608, 132.84937579704396, 230.76681121028042, 212.55787260074152, 79.10816312962116, 131.3096557472723, 194.59702641903905, 162.41176920877888, 185.47462718348828, 48.79827490929912, 140.47607908719695, 107.40886646293404, 90.75348603268174, 101.5684273680357, 72.97573279273931, 81.6983091680591, 113.25277929439136, 209.6967248589118, 126.24077954614226, 85.6970374182244, 40.842078353609914, 38.07996840770218, 48.296913008658144, 38.46207369637926, 42.83026708125693, 54.36672636181136, 49.95011439907671, 16.262286456122723, 63.12836513791878, 108.35899957094452, 80.09094415149468, 97.9850015201249, 67.12918647762766, 80.90620901862731, 106.6269954633382, 23.115659338000377, 7.507462546291142, 72.0264320253384, 65.76701979109444, 36.45500112662349, 41.87281383726678, 50.625657518096126, 58.50617647897427, 24.871175317927307, 28.240644170247283, 69.31182647985668, 47.543501454268366, 37.10886574298425, 35.63308888260526, 37.13892626021215, 6.720692668069356, 54.56727782131941, 56.94870785745195, 61.69976262067748, 41.980796527959555, 37.93437875198374]

landmark_16:
Frequency (Hz): [0.0, 0.006756756756756757, 0.013513513513513514, 0.02027027027027027, 0.02702702702702703, 0.033783783783783786, 0.04054054054054054, 0.0472972972972973, 0.05405405405405406, 0.060810810810810814, 0.06756756756756757, 0.07432432432432433, 0.08108108108108109, 0.08783783783783784, 0.0945945945945946, 0.10135135135135136, 0.10810810810810811, 0.11486486486486487, 0.12162162162162163, 0.1283783783783784, 0.13513513513513514, 0.14189189189189189, 0.14864864864864866, 0.15540540540540543, 0.16216216216216217, 0.16891891891891891, 0.17567567567567569, 0.18243243243243246, 0.1891891891891892, 0.19594594594594594, 0.20270270270270271, 0.20945945945945948, 0.21621621621621623, 0.22297297297297297, 0.22972972972972974, 0.2364864864864865, 0.24324324324324326, 0.25, 0.2567567567567568, 0.26351351351351354, 0.2702702702702703, 0.27702702702702703, 0.28378378378378377, 0.29054054054054057, 0.2972972972972973, 0.30405405405405406, 0.31081081081081086, 0.3175675675675676, 0.32432432432432434, 0.3310810810810811, 0.33783783783783783, 0.3445945945945946, 0.35135135135135137, 0.3581081081081081, 0.3648648648648649, 0.37162162162162166, 0.3783783783783784, 0.38513513513513514, 0.3918918918918919, 0.3986486486486487, 0.40540540540540543, 0.41216216216216217, 0.41891891891891897, 0.4256756756756757, 0.43243243243243246, 0.4391891891891892, 0.44594594594594594, 0.45270270270270274, 0.4594594594594595, 0.46621621621621623, 0.472972972972973, 0.47972972972972977, 0.4864864864864865, 0.49324324324324326]
Amplitude: [90135.67878964925, 4988.363596556775, 12133.567038481893, 1938.1453415872354, 2432.05025091736, 3040.054052146976, 2301.0927312365916, 2359.5929588341705, 1329.186005001401, 888.1708079354277, 947.3317735325222, 542.9772151811788, 1497.2527790000706, 808.5919230774442, 718.9244580363112, 733.5837169030573, 817.1428309251515, 605.8054252784407, 660.488674166282, 536.3247499154166, 381.09121107820084, 696.7496005105701, 555.611295348434, 729.509555483293, 217.64152807414496, 609.5898299508657, 422.0618836455759, 370.5270365086529, 472.6294732655836, 352.30951602006934, 231.89417203737304, 149.4439831874739, 95.18204607656705, 284.5298528137757, 265.3988452045191, 250.920355666422, 332.46375395660857, 305.15756347673636, 89.90546340363032, 295.3278497934057, 205.80282018828484, 165.13976379193238, 106.15384819403765, 76.10602389047547, 243.02421917277783, 200.28347860932763, 135.7645547263197, 79.34404086865713, 110.60715856116553, 178.18842637924666, 116.26278437224038, 83.56083944255677, 258.7389134369612, 140.54447653534936, 269.0930293748051, 327.6351999934661, 124.5256597721628, 260.22621890373813, 56.436236990501136, 285.1307752545973, 178.95476777190257, 228.8811112181422, 113.69373909084227, 231.8656761314291, 187.8986609510123, 255.92415049156085, 111.84026659929954, 243.24142086082645, 174.45081644832953, 205.51661283996947, 180.61320956772573, 142.05414618392786, 256.0183194383776, 61.09538068014609]

landmark_17:
Frequency (Hz): [0.0, 0.006756756756756757, 0.013513513513513514, 0.02027027027027027, 0.02702702702702703, 0.033783783783783786, 0.04054054054054054, 0.0472972972972973, 0.05405405405405406, 0.060810810810810814, 0.06756756756756757, 0.07432432432432433, 0.08108108108108109, 0.08783783783783784, 0.0945945945945946, 0.10135135135135136, 0.10810810810810811, 0.11486486486486487, 0.12162162162162163, 0.1283783783783784, 0.13513513513513514, 0.14189189189189189, 0.14864864864864866, 0.15540540540540543, 0.16216216216216217, 0.16891891891891891, 0.17567567567567569, 0.18243243243243246, 0.1891891891891892, 0.19594594594594594, 0.20270270270270271, 0.20945945945945948, 0.21621621621621623, 0.22297297297297297, 0.22972972972972974, 0.2364864864864865, 0.24324324324324326, 0.25, 0.2567567567567568, 0.26351351351351354, 0.2702702702702703, 0.27702702702702703, 0.28378378378378377, 0.29054054054054057, 0.2972972972972973, 0.30405405405405406, 0.31081081081081086, 0.3175675675675676, 0.32432432432432434, 0.3310810810810811, 0.33783783783783783, 0.3445945945945946, 0.35135135135135137, 0.3581081081081081, 0.3648648648648649, 0.37162162162162166, 0.3783783783783784, 0.38513513513513514, 0.3918918918918919, 0.3986486486486487, 0.40540540540540543, 0.41216216216216217, 0.41891891891891897, 0.4256756756756757, 0.43243243243243246, 0.4391891891891892, 0.44594594594594594, 0.45270270270270274, 0.4594594594594595, 0.46621621621621623, 0.472972972972973, 0.47972972972972977, 0.4864864864864865, 0.49324324324324326]
Amplitude: [94559.32540970943, 1464.207875897755, 3368.4485541254435, 1260.6062246142358, 1914.29402930893, 954.3256485654446, 1946.1097805300403, 1105.7806519179376, 695.8913157633403, 316.0024392248305, 385.0281451529415, 588.3163479384572, 719.1854681464057, 351.49492497612766, 337.41270990834727, 397.5195154431498, 524.245430062144, 366.6477246568808, 222.40976000343073, 168.79637952263064, 285.85657743582885, 258.17284580922086, 108.3674151345202, 176.70733923825273, 211.18226452403138, 188.69248373225687, 248.00979763910945, 46.30561057924312, 172.31577208514776, 144.66652618044287, 128.01698533045882, 115.02992450096696, 66.7728079990195, 96.16350743601497, 147.2569480237756, 240.542016993021, 134.20384835360844, 92.22459567558876, 40.94207076728714, 45.72479631871751, 51.387617873591886, 41.36316838648727, 50.25200400764536, 67.04612038960833, 59.7866920883971, 15.279242578370429, 71.17497537123411, 129.28121094978843, 101.59774770621291, 107.14730971668861, 81.981359474363, 88.33903568896955, 124.18639229753798, 26.921016972339903, 11.896194357887355, 77.75820070847396, 91.53741497041017, 59.499437440918555, 45.435515561850956, 58.41778907870384, 69.70758447225352, 22.749509583853676, 20.76336199470063, 65.33403438455149, 51.22324690989263, 36.18527714348561, 58.582235568153585, 62.95734046606708, 19.365707567318402, 73.69513781995721, 81.34005524184913, 80.58054767547911, 59.7258979520924, 54.45294916304391]

landmark_18:
Frequency (Hz): [0.0, 0.006756756756756757, 0.013513513513513514, 0.02027027027027027, 0.02702702702702703, 0.033783783783783786, 0.04054054054054054, 0.0472972972972973, 0.05405405405405406, 0.060810810810810814, 0.06756756756756757, 0.07432432432432433, 0.08108108108108109, 0.08783783783783784, 0.0945945945945946, 0.10135135135135136, 0.10810810810810811, 0.11486486486486487, 0.12162162162162163, 0.1283783783783784, 0.13513513513513514, 0.14189189189189189, 0.14864864864864866, 0.15540540540540543, 0.16216216216216217, 0.16891891891891891, 0.17567567567567569, 0.18243243243243246, 0.1891891891891892, 0.19594594594594594, 0.20270270270270271, 0.20945945945945948, 0.21621621621621623, 0.22297297297297297, 0.22972972972972974, 0.2364864864864865, 0.24324324324324326, 0.25, 0.2567567567567568, 0.26351351351351354, 0.2702702702702703, 0.27702702702702703, 0.28378378378378377, 0.29054054054054057, 0.2972972972972973, 0.30405405405405406, 0.31081081081081086, 0.3175675675675676, 0.32432432432432434, 0.3310810810810811, 0.33783783783783783, 0.3445945945945946, 0.35135135135135137, 0.3581081081081081, 0.3648648648648649, 0.37162162162162166, 0.3783783783783784, 0.38513513513513514, 0.3918918918918919, 0.3986486486486487, 0.40540540540540543, 0.41216216216216217, 0.41891891891891897, 0.4256756756756757, 0.43243243243243246, 0.4391891891891892, 0.44594594594594594, 0.45270270270270274, 0.4594594594594595, 0.46621621621621623, 0.472972972972973, 0.47972972972972977, 0.4864864864864865, 0.49324324324324326]
Amplitude: [92502.4967660848, 5669.891715796706, 13745.342157227858, 2118.250185900211, 2501.913604701933, 3548.1218159172986, 2753.8915160211764, 2698.623074854388, 1587.2420336360785, 1019.5106623911378, 1068.9807474711765, 682.7835812857331, 1693.2849895920717, 950.5478604160911, 727.3073518942228, 770.9615231117081, 907.4935576496863, 681.4078171243865, 737.167392454241, 621.1891554553702, 405.7068574785477, 791.2192968895298, 601.8475467608159, 803.7869757394889, 238.57525517579106, 689.3025018632654, 447.10192068210057, 424.03296250789595, 533.8320749540997, 382.4151936356695, 290.0136703376921, 187.27864702081934, 134.48313023759263, 326.9374488709927, 313.71434791875737, 288.8152153266441, 366.8972431621968, 354.9367014016079, 114.72351719284994, 320.79245055902624, 240.89898457687352, 177.88483530833312, 133.58169882243178, 90.81193957661813, 258.6350719255464, 238.77262560863363, 138.71449056960617, 82.90649299314742, 133.2097140798278, 202.43224794291658, 134.79567325716837, 101.7287914230198, 283.1856403707261, 155.0875867519963, 292.5965352540931, 366.40405028309846, 137.96489502196312, 295.81847771985605, 73.46805783434341, 316.8418393573672, 197.99504515454862, 248.4099216072849, 138.17455282370656, 255.06306505352273, 227.17309815073554, 302.6827733675072, 129.44318140314996, 263.0852298688163, 207.3474933121132, 232.60750273877258, 198.41556200160846, 176.80880539786259, 292.7501467032209, 64.76021469842549]

landmark_19:
Frequency (Hz): [0.0, 0.006756756756756757, 0.013513513513513514, 0.02027027027027027, 0.02702702702702703, 0.033783783783783786, 0.04054054054054054, 0.0472972972972973, 0.05405405405405406, 0.060810810810810814, 0.06756756756756757, 0.07432432432432433, 0.08108108108108109, 0.08783783783783784, 0.0945945945945946, 0.10135135135135136, 0.10810810810810811, 0.11486486486486487, 0.12162162162162163, 0.1283783783783784, 0.13513513513513514, 0.14189189189189189, 0.14864864864864866, 0.15540540540540543, 0.16216216216216217, 0.16891891891891891, 0.17567567567567569, 0.18243243243243246, 0.1891891891891892, 0.19594594594594594, 0.20270270270270271, 0.20945945945945948, 0.21621621621621623, 0.22297297297297297, 0.22972972972972974, 0.2364864864864865, 0.24324324324324326, 0.25, 0.2567567567567568, 0.26351351351351354, 0.2702702702702703, 0.27702702702702703, 0.28378378378378377, 0.29054054054054057, 0.2972972972972973, 0.30405405405405406, 0.31081081081081086, 0.3175675675675676, 0.32432432432432434, 0.3310810810810811, 0.33783783783783783, 0.3445945945945946, 0.35135135135135137, 0.3581081081081081, 0.3648648648648649, 0.37162162162162166, 0.3783783783783784, 0.38513513513513514, 0.3918918918918919, 0.3986486486486487, 0.40540540540540543, 0.41216216216216217, 0.41891891891891897, 0.4256756756756757, 0.43243243243243246, 0.4391891891891892, 0.44594594594594594, 0.45270270270270274, 0.4594594594594595, 0.46621621621621623, 0.472972972972973, 0.47972972972972977, 0.4864864864864865, 0.49324324324324326]
Amplitude: [94501.78005668703, 1126.018819245732, 3663.9527717561364, 1236.320059498846, 1885.748567261428, 892.9569776236008, 2023.7329196221015, 1147.3185858342756, 648.4464416243896, 275.52924689748977, 320.488421147644, 554.2579944501082, 718.3067141605269, 314.1143897986986, 234.59304475009216, 395.57250296896484, 462.88100418887285, 334.33792555745254, 229.4989872625571, 124.2521979298853, 275.3876233088785, 247.38225445890347, 121.28789270810428, 181.48525735115192, 185.09332655188447, 204.62812169400107, 278.0660644254667, 72.99335717122342, 182.89426110787016, 173.14826312538267, 139.09977143668715, 113.29711549442516, 65.4524768665524, 103.05367351167357, 130.1242260442955, 218.67802326207308, 130.5237219084994, 81.8531826513672, 17.154576987952346, 37.07218556920772, 39.666258884613804, 40.027545232343996, 64.23861876189072, 82.97038175289715, 64.40723951321401, 25.24391580816857, 68.21473487586307, 140.7222996687054, 109.74039180059884, 81.68642662594948, 71.64537533925065, 80.51547688231199, 113.99201380229336, 36.41610793395524, 27.489053613687037, 56.44533113015063, 95.6963477105709, 58.55633965738721, 47.7462934359545, 74.19537853754743, 65.30481055306137, 16.27239317244393, 17.818278906708827, 54.25307227609445, 42.15150280751956, 33.68847638710838, 55.34782071225551, 66.92229009012419, 29.723680950314566, 51.27172596574656, 77.62732359386766, 76.34272527353313, 57.20174064374683, 46.83186936762217]

landmark_20:
Frequency (Hz): [0.0, 0.006756756756756757, 0.013513513513513514, 0.02027027027027027, 0.02702702702702703, 0.033783783783783786, 0.04054054054054054, 0.0472972972972973, 0.05405405405405406, 0.060810810810810814, 0.06756756756756757, 0.07432432432432433, 0.08108108108108109, 0.08783783783783784, 0.0945945945945946, 0.10135135135135136, 0.10810810810810811, 0.11486486486486487, 0.12162162162162163, 0.1283783783783784, 0.13513513513513514, 0.14189189189189189, 0.14864864864864866, 0.15540540540540543, 0.16216216216216217, 0.16891891891891891, 0.17567567567567569, 0.18243243243243246, 0.1891891891891892, 0.19594594594594594, 0.20270270270270271, 0.20945945945945948, 0.21621621621621623, 0.22297297297297297, 0.22972972972972974, 0.2364864864864865, 0.24324324324324326, 0.25, 0.2567567567567568, 0.26351351351351354, 0.2702702702702703, 0.27702702702702703, 0.28378378378378377, 0.29054054054054057, 0.2972972972972973, 0.30405405405405406, 0.31081081081081086, 0.3175675675675676, 0.32432432432432434, 0.3310810810810811, 0.33783783783783783, 0.3445945945945946, 0.35135135135135137, 0.3581081081081081, 0.3648648648648649, 0.37162162162162166, 0.3783783783783784, 0.38513513513513514, 0.3918918918918919, 0.3986486486486487, 0.40540540540540543, 0.41216216216216217, 0.41891891891891897, 0.4256756756756757, 0.43243243243243246, 0.4391891891891892, 0.44594594594594594, 0.45270270270270274, 0.4594594594594595, 0.46621621621621623, 0.472972972972973, 0.47972972972972977, 0.4864864864864865, 0.49324324324324326]
Amplitude: [93596.3316373104, 5553.623701861118, 12915.142314598463, 1837.1573085256202, 2380.6137489688626, 3529.84394222604, 2598.2233196861484, 2532.337961146432, 1407.2815153769366, 933.0409408492411, 1113.2929930397916, 571.1647316523618, 1650.3208918481225, 859.4056365124598, 830.6063635691579, 869.3114356233395, 980.6615524167355, 702.6290056327006, 764.5982251272833, 666.9065807228551, 318.2507431620901, 710.0769545293382, 551.7695626673268, 773.2207478298384, 285.4110877758462, 611.6794509036658, 382.60664123337216, 373.2963099325031, 489.55220024648094, 378.73370191581427, 245.0025799097737, 143.72036482541816, 57.26484321183776, 284.0296473390313, 296.5514707479975, 255.02991353605114, 291.82647138640425, 352.78566335389564, 89.66824506043017, 296.2817141204134, 186.43256357897712, 79.33246163097559, 168.71541605544283, 94.35027689015644, 262.21237665406284, 186.027697725016, 83.32234095768136, 176.15942887991048, 93.96282304609453, 144.64476473003344, 74.74409335473935, 138.4056034913016, 206.96723664189156, 141.48325008956297, 179.20107581573572, 327.04528779898163, 87.91847435383471, 265.9078378550948, 53.245276266454844, 237.71400549106613, 169.56819751305224, 250.49795910078763, 122.80349836647434, 205.9322075726359, 190.4209313961633, 209.4800482849747, 135.4937372388324, 190.65300743031162, 154.51250433273051, 184.70956715948287, 109.14833502193211, 129.06504002170698, 206.8642225161285, 26.282499407746478]

landmark_21:
Frequency (Hz): [0.0, 0.006756756756756757, 0.013513513513513514, 0.02027027027027027, 0.02702702702702703, 0.033783783783783786, 0.04054054054054054, 0.0472972972972973, 0.05405405405405406, 0.060810810810810814, 0.06756756756756757, 0.07432432432432433, 0.08108108108108109, 0.08783783783783784, 0.0945945945945946, 0.10135135135135136, 0.10810810810810811, 0.11486486486486487, 0.12162162162162163, 0.1283783783783784, 0.13513513513513514, 0.14189189189189189, 0.14864864864864866, 0.15540540540540543, 0.16216216216216217, 0.16891891891891891, 0.17567567567567569, 0.18243243243243246, 0.1891891891891892, 0.19594594594594594, 0.20270270270270271, 0.20945945945945948, 0.21621621621621623, 0.22297297297297297, 0.22972972972972974, 0.2364864864864865, 0.24324324324324326, 0.25, 0.2567567567567568, 0.26351351351351354, 0.2702702702702703, 0.27702702702702703, 0.28378378378378377, 0.29054054054054057, 0.2972972972972973, 0.30405405405405406, 0.31081081081081086, 0.3175675675675676, 0.32432432432432434, 0.3310810810810811, 0.33783783783783783, 0.3445945945945946, 0.35135135135135137, 0.3581081081081081, 0.3648648648648649, 0.37162162162162166, 0.3783783783783784, 0.38513513513513514, 0.3918918918918919, 0.3986486486486487, 0.40540540540540543, 0.41216216216216217, 0.41891891891891897, 0.4256756756756757, 0.43243243243243246, 0.4391891891891892, 0.44594594594594594, 0.45270270270270274, 0.4594594594594595, 0.46621621621621623, 0.472972972972973, 0.47972972972972977, 0.4864864864864865, 0.49324324324324326]
Amplitude: [93442.42251371159, 927.5462809365722, 3610.4699469304037, 1254.728353715158, 1933.5092056175477, 1069.315671277988, 1807.3258742212788, 973.3937328549902, 560.3126796617843, 274.2870550900475, 307.62390537011424, 507.8360205117472, 611.6381504746576, 263.3432141324696, 306.8315916747932, 350.21808408293936, 454.5410204702726, 299.94440305896353, 200.56273514497556, 137.73311641405564, 258.1229361644089, 208.66229679497783, 78.31263343127385, 151.0144387514272, 172.13716370587977, 163.91098047807643, 212.221016933141, 46.534634090412766, 151.3029686944203, 131.37889311135905, 97.59193719681701, 91.92463918559643, 69.3312965616743, 79.92106323166378, 110.68571447684693, 197.8112643079121, 112.4119952973341, 75.04070866345833, 28.71810583923946, 34.12022836306841, 34.72188983928981, 30.710529039284175, 48.795973120954805, 65.18367677979231, 54.953365251012706, 18.847262209289248, 63.75271260442995, 117.55377826769025, 86.90475501141836, 88.21980188316526, 70.85174530808465, 76.04389594616902, 101.00763361519867, 24.953563863692736, 12.834242192932312, 60.8507105196373, 69.65984712310788, 45.7301222636295, 38.881919670923835, 48.561300229519674, 56.88063974644088, 16.815101537808783, 25.733348972781908, 61.97154790295894, 40.70499029236446, 30.234756575295226, 40.90362413168497, 45.20279007002894, 13.672474777011908, 57.03128863045313, 63.068767305394815, 60.34042316112883, 45.44657630149965, 32.15817701220541]

landmark_22:
Frequency (Hz): [0.0, 0.006756756756756757, 0.013513513513513514, 0.02027027027027027, 0.02702702702702703, 0.033783783783783786, 0.04054054054054054, 0.0472972972972973, 0.05405405405405406, 0.060810810810810814, 0.06756756756756757, 0.07432432432432433, 0.08108108108108109, 0.08783783783783784, 0.0945945945945946, 0.10135135135135136, 0.10810810810810811, 0.11486486486486487, 0.12162162162162163, 0.1283783783783784, 0.13513513513513514, 0.14189189189189189, 0.14864864864864866, 0.15540540540540543, 0.16216216216216217, 0.16891891891891891, 0.17567567567567569, 0.18243243243243246, 0.1891891891891892, 0.19594594594594594, 0.20270270270270271, 0.20945945945945948, 0.21621621621621623, 0.22297297297297297, 0.22972972972972974, 0.2364864864864865, 0.24324324324324326, 0.25, 0.2567567567567568, 0.26351351351351354, 0.2702702702702703, 0.27702702702702703, 0.28378378378378377, 0.29054054054054057, 0.2972972972972973, 0.30405405405405406, 0.31081081081081086, 0.3175675675675676, 0.32432432432432434, 0.3310810810810811, 0.33783783783783783, 0.3445945945945946, 0.35135135135135137, 0.3581081081081081, 0.3648648648648649, 0.37162162162162166, 0.3783783783783784, 0.38513513513513514, 0.3918918918918919, 0.3986486486486487, 0.40540540540540543, 0.41216216216216217, 0.41891891891891897, 0.4256756756756757, 0.43243243243243246, 0.4391891891891892, 0.44594594594594594, 0.45270270270270274, 0.4594594594594595, 0.46621621621621623, 0.472972972972973, 0.47972972972972977, 0.4864864864864865, 0.49324324324324326]
Amplitude: [90590.40058006825, 5213.1624238766735, 12643.884044543882, 2042.4737253881422, 2416.9863816599855, 3145.243606247769, 2484.769548595914, 2415.5484498144633, 1383.1171767489425, 931.9446730017253, 980.3106071276488, 546.5281916030682, 1574.8904622332448, 822.7620159628691, 722.1195646664863, 773.5463540211023, 855.8741832135702, 612.3462751375888, 685.117876024007, 595.853811575832, 365.08161649209757, 669.7350998393389, 559.5387104570775, 734.8099790557095, 257.0107379905755, 597.4147486995711, 407.6648898589801, 379.7581781953392, 477.9218375780374, 322.50831200929895, 247.34752426743523, 158.21702802744682, 88.03279642514313, 303.55842481362464, 282.29699922516204, 247.61487057729028, 312.9850761276569, 327.7914316205958, 99.35973432866497, 317.2943057715053, 193.90283542890162, 144.88134287559222, 121.09669361387371, 75.49166624989513, 255.94460862973918, 202.06160624565118, 128.79672659637004, 104.96785417536424, 103.80533773559172, 168.9629296722641, 92.40078986686079, 112.60289747925644, 247.73262068582733, 140.90676768957556, 239.73803304746818, 308.93108980324047, 123.82905729669632, 289.57014046979714, 66.07878842515116, 275.3382071964453, 178.38900550071406, 237.2252827617349, 146.9534119234384, 229.0091752029238, 196.2222833833438, 243.0331878225946, 131.68547367145985, 237.06390859790872, 176.70829922632404, 197.404045683546, 153.28696370702752, 153.27469356745434, 245.4057851686894, 71.74177822162508]

landmark_23:
Frequency (Hz): [0.0, 0.006756756756756757, 0.013513513513513514, 0.02027027027027027, 0.02702702702702703, 0.033783783783783786, 0.04054054054054054, 0.0472972972972973, 0.05405405405405406, 0.060810810810810814, 0.06756756756756757, 0.07432432432432433, 0.08108108108108109, 0.08783783783783784, 0.0945945945945946, 0.10135135135135136, 0.10810810810810811, 0.11486486486486487, 0.12162162162162163, 0.1283783783783784, 0.13513513513513514, 0.14189189189189189, 0.14864864864864866, 0.15540540540540543, 0.16216216216216217, 0.16891891891891891, 0.17567567567567569, 0.18243243243243246, 0.1891891891891892, 0.19594594594594594, 0.20270270270270271, 0.20945945945945948, 0.21621621621621623, 0.22297297297297297, 0.22972972972972974, 0.2364864864864865, 0.24324324324324326, 0.25, 0.2567567567567568, 0.26351351351351354, 0.2702702702702703, 0.27702702702702703, 0.28378378378378377, 0.29054054054054057, 0.2972972972972973, 0.30405405405405406, 0.31081081081081086, 0.3175675675675676, 0.32432432432432434, 0.3310810810810811, 0.33783783783783783, 0.3445945945945946, 0.35135135135135137, 0.3581081081081081, 0.3648648648648649, 0.37162162162162166, 0.3783783783783784, 0.38513513513513514, 0.3918918918918919, 0.3986486486486487, 0.40540540540540543, 0.41216216216216217, 0.41891891891891897, 0.4256756756756757, 0.43243243243243246, 0.4391891891891892, 0.44594594594594594, 0.45270270270270274, 0.4594594594594595, 0.46621621621621623, 0.472972972972973, 0.47972972972972977, 0.4864864864864865, 0.49324324324324326]
Amplitude: [66165.3771486236, 1299.962132714805, 1628.3585213910858, 362.50819639011263, 974.0047458542016, 105.56518660454495, 232.60373233744312, 38.6218770916034, 75.26974685873427, 47.627388571937374, 18.028541834910715, 40.57644951187547, 43.96605079323182, 59.678102046884774, 51.33249427368525, 36.7520585465126, 28.09848796408799, 6.601279770270919, 34.0570168873623, 17.7614865201569, 17.576325244163353, 21.946611624972753, 11.626028437607776, 24.23005371379535, 23.456357515981015, 13.064164083436497, 13.03092223575875, 12.970495403320312, 3.45319202115643, 16.474110630397135, 10.676372806449855, 19.161079900817334, 19.374091971778128, 8.617353687392713, 15.755486808917409, 15.173802388422043, 4.331662425757956, 1.5011325234342556, 7.037764318618331, 10.657607570889171, 9.103362592760622, 1.0985957427351172, 14.976479706018115, 6.447755781214459, 9.922712726008927, 1.1481606677040712, 12.690375057700882, 6.5668678227091455, 8.027956616441305, 8.531049528140736, 3.0580060455807603, 10.970242237958516, 3.614515912197741, 9.871215445132028, 8.414277091934412, 13.026063222134209, 3.8057323595489216, 10.22941192005785, 4.464639094501944, 9.22754235960455, 4.783899921378279, 10.012317332602194, 6.103609108321689, 6.568464162616946, 7.13899850552422, 7.966387827656691, 10.351140093063938, 4.432054601563246, 12.600916924832674, 2.7319820906575623, 9.040564170001685, 7.955425362083181, 3.9950834787763583, 6.915921666244053]

landmark_24:
Frequency (Hz): [0.0, 0.006756756756756757, 0.013513513513513514, 0.02027027027027027, 0.02702702702702703, 0.033783783783783786, 0.04054054054054054, 0.0472972972972973, 0.05405405405405406, 0.060810810810810814, 0.06756756756756757, 0.07432432432432433, 0.08108108108108109, 0.08783783783783784, 0.0945945945945946, 0.10135135135135136, 0.10810810810810811, 0.11486486486486487, 0.12162162162162163, 0.1283783783783784, 0.13513513513513514, 0.14189189189189189, 0.14864864864864866, 0.15540540540540543, 0.16216216216216217, 0.16891891891891891, 0.17567567567567569, 0.18243243243243246, 0.1891891891891892, 0.19594594594594594, 0.20270270270270271, 0.20945945945945948, 0.21621621621621623, 0.22297297297297297, 0.22972972972972974, 0.2364864864864865, 0.24324324324324326, 0.25, 0.2567567567567568, 0.26351351351351354, 0.2702702702702703, 0.27702702702702703, 0.28378378378378377, 0.29054054054054057, 0.2972972972972973, 0.30405405405405406, 0.31081081081081086, 0.3175675675675676, 0.32432432432432434, 0.3310810810810811, 0.33783783783783783, 0.3445945945945946, 0.35135135135135137, 0.3581081081081081, 0.3648648648648649, 0.37162162162162166, 0.3783783783783784, 0.38513513513513514, 0.3918918918918919, 0.3986486486486487, 0.40540540540540543, 0.41216216216216217, 0.41891891891891897, 0.4256756756756757, 0.43243243243243246, 0.4391891891891892, 0.44594594594594594, 0.45270270270270274, 0.4594594594594595, 0.46621621621621623, 0.472972972972973, 0.47972972972972977, 0.4864864864864865, 0.49324324324324326]
Amplitude: [61705.50224494884, 1175.9265533803887, 1194.7893479571712, 370.09547266071405, 924.8617955366317, 96.28468381620779, 291.73828100377307, 63.889786207461, 108.68490582242268, 23.72710365089682, 51.95053623488908, 64.04425070795983, 41.64823807156438, 58.004765021157226, 46.13609174312541, 38.23306793139105, 22.425682892281333, 2.3132582025632025, 39.50020296488077, 10.483110871380608, 4.674369591596617, 29.02147709398081, 4.661987134066085, 25.039742765697188, 31.741976351695154, 10.550742227085024, 31.206391605851252, 11.635908617240153, 2.86007634389599, 21.15634571402303, 5.1878646991419135, 16.13688354966139, 19.000804801122595, 7.668830279201154, 18.433529910434533, 17.787274324347838, 3.740402219024324, 8.571170658782107, 8.011976630195214, 5.049633846853599, 14.777931672045227, 2.4105231707437085, 10.661113589233116, 9.432707318166344, 6.026467350114875, 3.6183415035643587, 16.015844377453824, 7.730457743708568, 8.036308914644168, 5.394399315812393, 5.652836453238683, 7.64989556904174, 5.4113733985976795, 6.555084216893933, 10.660297177589163, 10.09991274242025, 6.901956209636166, 7.9889973918034505, 4.60961799323891, 9.783983178492315, 4.1037829022922745, 11.195506511014209, 3.7943814389940607, 5.18418526243102, 10.506323219276, 9.593628089001013, 11.178157101204084, 3.7324956236149767, 14.15695885632511, 3.7542723116650687, 8.826093668977803, 4.6012653395428185, 5.093070847100317, 5.008121927560332]

landmark_25:
Frequency (Hz): [0.0, 0.006756756756756757, 0.013513513513513514, 0.02027027027027027, 0.02702702702702703, 0.033783783783783786, 0.04054054054054054, 0.0472972972972973, 0.05405405405405406, 0.060810810810810814, 0.06756756756756757, 0.07432432432432433, 0.08108108108108109, 0.08783783783783784, 0.0945945945945946, 0.10135135135135136, 0.10810810810810811, 0.11486486486486487, 0.12162162162162163, 0.1283783783783784, 0.13513513513513514, 0.14189189189189189, 0.14864864864864866, 0.15540540540540543, 0.16216216216216217, 0.16891891891891891, 0.17567567567567569, 0.18243243243243246, 0.1891891891891892, 0.19594594594594594, 0.20270270270270271, 0.20945945945945948, 0.21621621621621623, 0.22297297297297297, 0.22972972972972974, 0.2364864864864865, 0.24324324324324326, 0.25, 0.2567567567567568, 0.26351351351351354, 0.2702702702702703, 0.27702702702702703, 0.28378378378378377, 0.29054054054054057, 0.2972972972972973, 0.30405405405405406, 0.31081081081081086, 0.3175675675675676, 0.32432432432432434, 0.3310810810810811, 0.33783783783783783, 0.3445945945945946, 0.35135135135135137, 0.3581081081081081, 0.3648648648648649, 0.37162162162162166, 0.3783783783783784, 0.38513513513513514, 0.3918918918918919, 0.3986486486486487, 0.40540540540540543, 0.41216216216216217, 0.41891891891891897, 0.4256756756756757, 0.43243243243243246, 0.4391891891891892, 0.44594594594594594, 0.45270270270270274, 0.4594594594594595, 0.46621621621621623, 0.472972972972973, 0.47972972972972977, 0.4864864864864865, 0.49324324324324326]
Amplitude: [64955.54337985938, 765.5810263419801, 2247.884130414804, 1230.527054165831, 981.4133074525556, 1395.2860832181593, 214.88904699195226, 381.93094153277565, 356.97970055167826, 103.36481344880173, 303.76411207200186, 211.33303900256703, 247.39061598206771, 27.32723409972642, 119.97595674101733, 103.44012562369254, 134.53947576918316, 197.73144586100545, 56.03817680430182, 119.3563083757994, 85.30568636790628, 44.7194929353248, 93.72641086615702, 116.57248082396065, 87.37114506733833, 86.02113816930141, 47.20106781989115, 27.06591449399869, 42.32650378778381, 67.36307760126138, 25.033488614093862, 85.5436472009335, 67.67784117365791, 55.874321105209134, 43.90354453218265, 60.828320209809974, 59.345762148590865, 69.52780310121204, 37.450161324013834, 53.57946455545417, 4.374064101980834, 10.84264190436919, 7.489819951750458, 54.830090401706286, 50.67682643293005, 23.67229297641998, 35.315490991622596, 23.977234523314237, 14.308536417838186, 19.424440687714778, 10.411200685184177, 40.274866603334374, 4.162701885326386, 27.95395780696247, 25.06459239445966, 23.530489575237976, 6.207705297611409, 10.144585481561911, 1.0100067111541329, 4.600881099757769, 5.059038035778968, 26.42930216444741, 16.97741643453532, 8.126596510789094, 46.297871967986424, 32.660243200162725, 23.026196485869676, 32.812430434627224, 11.900665417800571, 10.733065964373697, 26.35646025180769, 8.513528453810936, 14.157360899273758, 43.284626764322475]

landmark_26:
Frequency (Hz): [0.0, 0.006756756756756757, 0.013513513513513514, 0.02027027027027027, 0.02702702702702703, 0.033783783783783786, 0.04054054054054054, 0.0472972972972973, 0.05405405405405406, 0.060810810810810814, 0.06756756756756757, 0.07432432432432433, 0.08108108108108109, 0.08783783783783784, 0.0945945945945946, 0.10135135135135136, 0.10810810810810811, 0.11486486486486487, 0.12162162162162163, 0.1283783783783784, 0.13513513513513514, 0.14189189189189189, 0.14864864864864866, 0.15540540540540543, 0.16216216216216217, 0.16891891891891891, 0.17567567567567569, 0.18243243243243246, 0.1891891891891892, 0.19594594594594594, 0.20270270270270271, 0.20945945945945948, 0.21621621621621623, 0.22297297297297297, 0.22972972972972974, 0.2364864864864865, 0.24324324324324326, 0.25, 0.2567567567567568, 0.26351351351351354, 0.2702702702702703, 0.27702702702702703, 0.28378378378378377, 0.29054054054054057, 0.2972972972972973, 0.30405405405405406, 0.31081081081081086, 0.3175675675675676, 0.32432432432432434, 0.3310810810810811, 0.33783783783783783, 0.3445945945945946, 0.35135135135135137, 0.3581081081081081, 0.3648648648648649, 0.37162162162162166, 0.3783783783783784, 0.38513513513513514, 0.3918918918918919, 0.3986486486486487, 0.40540540540540543, 0.41216216216216217, 0.41891891891891897, 0.4256756756756757, 0.43243243243243246, 0.4391891891891892, 0.44594594594594594, 0.45270270270270274, 0.4594594594594595, 0.46621621621621623, 0.472972972972973, 0.47972972972972977, 0.4864864864864865, 0.49324324324324326]
Amplitude: [54735.75736796966, 760.1462052785206, 459.32990018378723, 254.7576259027921, 426.970557977931, 132.81881936659747, 154.34460005405785, 128.07209429076516, 92.80870938614332, 177.0271851426898, 124.90732977425004, 44.01783400564071, 44.138650382253736, 84.76891897174362, 15.35584720696638, 71.76267873209791, 46.82493965778527, 54.91183667101219, 39.58700505160268, 49.87321876520755, 29.20669859957282, 31.27238879418753, 52.317105689467816, 8.597139634283867, 23.66632368876735, 46.72280261375762, 41.56588538288758, 58.61238856405773, 10.125719167686018, 24.84708333934364, 17.016629825584815, 25.155104970061945, 25.100496879335452, 24.248500736754643, 26.613413612458935, 16.946504011476403, 15.509430088199448, 15.35284662348712, 18.60268846795154, 5.77162576138277, 11.344633498552446, 5.160116124684704, 17.271196095620056, 32.51809916273738, 7.102416449280426, 21.988917031843535, 17.227536350786966, 27.008475016782775, 8.143781428266747, 4.0339089370402474, 5.866617685928782, 19.378807451275726, 15.288072507313622, 13.809257110136514, 11.707658915596175, 2.382407680240561, 11.227920852589435, 6.495861342464069, 8.319658075884313, 8.968043024545318, 16.01763465711792, 2.3672534794458753, 14.528651457155087, 16.60114050558529, 15.882889316627729, 22.17184643480899, 24.86683514547212, 25.362436274097956, 5.03762667750866, 13.14240079240286, 6.344940059262058, 5.722998650945859, 13.013173788273374, 4.290940642733823]

landmark_27:
Frequency (Hz): [0.0, 0.006756756756756757, 0.013513513513513514, 0.02027027027027027, 0.02702702702702703, 0.033783783783783786, 0.04054054054054054, 0.0472972972972973, 0.05405405405405406, 0.060810810810810814, 0.06756756756756757, 0.07432432432432433, 0.08108108108108109, 0.08783783783783784, 0.0945945945945946, 0.10135135135135136, 0.10810810810810811, 0.11486486486486487, 0.12162162162162163, 0.1283783783783784, 0.13513513513513514, 0.14189189189189189, 0.14864864864864866, 0.15540540540540543, 0.16216216216216217, 0.16891891891891891, 0.17567567567567569, 0.18243243243243246, 0.1891891891891892, 0.19594594594594594, 0.20270270270270271, 0.20945945945945948, 0.21621621621621623, 0.22297297297297297, 0.22972972972972974, 0.2364864864864865, 0.24324324324324326, 0.25, 0.2567567567567568, 0.26351351351351354, 0.2702702702702703, 0.27702702702702703, 0.28378378378378377, 0.29054054054054057, 0.2972972972972973, 0.30405405405405406, 0.31081081081081086, 0.3175675675675676, 0.32432432432432434, 0.3310810810810811, 0.33783783783783783, 0.3445945945945946, 0.35135135135135137, 0.3581081081081081, 0.3648648648648649, 0.37162162162162166, 0.3783783783783784, 0.38513513513513514, 0.3918918918918919, 0.3986486486486487, 0.40540540540540543, 0.41216216216216217, 0.41891891891891897, 0.4256756756756757, 0.43243243243243246, 0.4391891891891892, 0.44594594594594594, 0.45270270270270274, 0.4594594594594595, 0.46621621621621623, 0.472972972972973, 0.47972972972972977, 0.4864864864864865, 0.49324324324324326]
Amplitude: [67256.35281480342, 2167.651517256657, 792.4938527351521, 2647.999772573561, 1225.82174562669, 779.763039357253, 1218.9983686575927, 372.2423917277792, 211.1928104608907, 988.3249345584125, 344.66097024424613, 503.03284874567646, 527.3609288749628, 380.6493906072925, 633.8086035574329, 216.94575272077967, 528.1796461843761, 596.9772718202458, 498.1461483018456, 687.0205832946289, 406.9031122615104, 324.5966638852097, 250.31270608316026, 448.73623320044607, 258.2604461888349, 351.8857723098402, 180.1726083371546, 214.84805600552122, 243.61902081566845, 258.42272509871924, 119.07030953333746, 162.40841038497348, 56.63785647707158, 159.52994087560785, 144.48146530808913, 203.74011976244776, 91.44590128825321, 144.44798549742302, 139.51750619886676, 100.18183814893301, 43.77284985257445, 84.08898925925422, 41.44363714153825, 81.62840252185012, 222.55849220817743, 162.63673889983545, 136.5179431053812, 119.08867182561586, 125.2412263538895, 161.33737602625123, 115.75028286298209, 150.7537355737677, 20.558463883106636, 74.38436202884533, 152.66088311298307, 193.6446177928768, 175.91511206124414, 96.4482992811737, 62.486780190590174, 111.27160532618527, 169.65220244814483, 172.48469514554765, 136.0919683284204, 97.89876308936489, 90.55893253168026, 119.65644864740496, 129.59625931156535, 137.45813639614144, 69.1089932782145, 57.10898418962962, 43.25383451261747, 91.49459013773023, 99.58946432261445, 115.54755471973534]

landmark_28:
Frequency (Hz): [0.0, 0.006756756756756757, 0.013513513513513514, 0.02027027027027027, 0.02702702702702703, 0.033783783783783786, 0.04054054054054054, 0.0472972972972973, 0.05405405405405406, 0.060810810810810814, 0.06756756756756757, 0.07432432432432433, 0.08108108108108109, 0.08783783783783784, 0.0945945945945946, 0.10135135135135136, 0.10810810810810811, 0.11486486486486487, 0.12162162162162163, 0.1283783783783784, 0.13513513513513514, 0.14189189189189189, 0.14864864864864866, 0.15540540540540543, 0.16216216216216217, 0.16891891891891891, 0.17567567567567569, 0.18243243243243246, 0.1891891891891892, 0.19594594594594594, 0.20270270270270271, 0.20945945945945948, 0.21621621621621623, 0.22297297297297297, 0.22972972972972974, 0.2364864864864865, 0.24324324324324326, 0.25, 0.2567567567567568, 0.26351351351351354, 0.2702702702702703, 0.27702702702702703, 0.28378378378378377, 0.29054054054054057, 0.2972972972972973, 0.30405405405405406, 0.31081081081081086, 0.3175675675675676, 0.32432432432432434, 0.3310810810810811, 0.33783783783783783, 0.3445945945945946, 0.35135135135135137, 0.3581081081081081, 0.3648648648648649, 0.37162162162162166, 0.3783783783783784, 0.38513513513513514, 0.3918918918918919, 0.3986486486486487, 0.40540540540540543, 0.41216216216216217, 0.41891891891891897, 0.4256756756756757, 0.43243243243243246, 0.4391891891891892, 0.44594594594594594, 0.45270270270270274, 0.4594594594594595, 0.46621621621621623, 0.472972972972973, 0.47972972972972977, 0.4864864864864865, 0.49324324324324326]
Amplitude: [48865.94267447209, 3128.6255733981748, 2741.8036099409096, 2110.437454850741, 1413.3705023187076, 819.7266838160972, 221.44008448189302, 443.48632507722135, 484.2251242959066, 424.37673904850783, 438.68500458309467, 450.10663782604576, 179.25854919047856, 185.99880907308773, 161.92421243229407, 216.095020473135, 159.00812924482813, 62.417859197381894, 226.20659267932538, 298.77300473389073, 76.71672583255315, 189.6190407492992, 170.3556296648453, 31.56514200270531, 72.85597061969067, 95.92991709678876, 183.9474769836994, 251.6911897416301, 50.36600349795527, 123.74705571586877, 109.48606453689992, 100.10263911527369, 133.540177489525, 24.4297324858578, 114.1438836996581, 136.1976912158784, 130.14650177837143, 47.46335680989014, 111.99489989672801, 218.50508376435255, 76.7101087102043, 113.37152771948548, 139.09016900774014, 36.479097827030174, 93.97422326805984, 80.28618283317057, 124.16760329149027, 131.21236108824291, 44.264325706648215, 112.66092545693382, 102.35285596875583, 74.44650381027948, 134.31747492401323, 112.21838640256644, 94.99490429202164, 33.96407248812115, 122.8754739902942, 139.02458006431772, 36.81744797634556, 95.69660287540536, 81.51588727377006, 105.54304668014098, 78.83917177750736, 74.57938930067155, 136.8957156301954, 46.19345261245111, 134.85775036144906, 112.7559860408377, 56.49867234163826, 134.09561837655903, 44.74592729288613, 95.66021046463634, 93.39030445584088, 56.99577336876339]

landmark_29:
Frequency (Hz): [0.0, 0.006756756756756757, 0.013513513513513514, 0.02027027027027027, 0.02702702702702703, 0.033783783783783786, 0.04054054054054054, 0.0472972972972973, 0.05405405405405406, 0.060810810810810814, 0.06756756756756757, 0.07432432432432433, 0.08108108108108109, 0.08783783783783784, 0.0945945945945946, 0.10135135135135136, 0.10810810810810811, 0.11486486486486487, 0.12162162162162163, 0.1283783783783784, 0.13513513513513514, 0.14189189189189189, 0.14864864864864866, 0.15540540540540543, 0.16216216216216217, 0.16891891891891891, 0.17567567567567569, 0.18243243243243246, 0.1891891891891892, 0.19594594594594594, 0.20270270270270271, 0.20945945945945948, 0.21621621621621623, 0.22297297297297297, 0.22972972972972974, 0.2364864864864865, 0.24324324324324326, 0.25, 0.2567567567567568, 0.26351351351351354, 0.2702702702702703, 0.27702702702702703, 0.28378378378378377, 0.29054054054054057, 0.2972972972972973, 0.30405405405405406, 0.31081081081081086, 0.3175675675675676, 0.32432432432432434, 0.3310810810810811, 0.33783783783783783, 0.3445945945945946, 0.35135135135135137, 0.3581081081081081, 0.3648648648648649, 0.37162162162162166, 0.3783783783783784, 0.38513513513513514, 0.3918918918918919, 0.3986486486486487, 0.40540540540540543, 0.41216216216216217, 0.41891891891891897, 0.4256756756756757, 0.43243243243243246, 0.4391891891891892, 0.44594594594594594, 0.45270270270270274, 0.4594594594594595, 0.46621621621621623, 0.472972972972973, 0.47972972972972977, 0.4864864864864865, 0.49324324324324326]
Amplitude: [66814.6879798286, 2823.589851191909, 971.5481124973047, 3042.035080579517, 1290.3850012888022, 830.5882513385538, 1443.8286639994033, 526.9125396634486, 371.42749186395804, 1043.1131542298392, 282.9285778133375, 537.2127625004887, 569.5823974135058, 439.7086215162213, 768.884021239206, 301.8341859825966, 580.5219942926924, 653.462615510192, 562.611597653924, 787.6444078562247, 450.5284158650924, 377.74802101622316, 278.1922823606969, 520.0063720325386, 275.72982925918143, 377.2409322362625, 211.54042006733664, 237.58927502924092, 274.1791890963077, 285.91239549047697, 143.11965594984594, 184.73101555459886, 83.09625252842731, 192.86888233060128, 162.89588895210963, 217.80471235283525, 100.82288474743117, 163.89856523185776, 146.7053271055406, 123.83250187394435, 61.855241024606215, 87.03421442733881, 35.859966808505895, 94.95229242431023, 250.3582450307748, 188.59906964509335, 168.95609623398929, 132.9292239607691, 143.496112974944, 191.98635287558648, 149.23483841261788, 182.99974619871824, 29.197209915883715, 86.5056098161356, 183.61053916425698, 234.4562862967886, 205.19239633598707, 110.77000654560945, 79.56728901539783, 129.9144452887456, 193.09151938085137, 195.4986548604288, 151.6273617877297, 108.06788158187317, 95.93751258493516, 125.65216792804539, 132.28289343052828, 137.20234030162393, 65.17607275261547, 53.80536580647655, 35.89278079466819, 90.04836510559903, 91.61288679897727, 105.43020159591751]

landmark_30:
Frequency (Hz): [0.0, 0.006756756756756757, 0.013513513513513514, 0.02027027027027027, 0.02702702702702703, 0.033783783783783786, 0.04054054054054054, 0.0472972972972973, 0.05405405405405406, 0.060810810810810814, 0.06756756756756757, 0.07432432432432433, 0.08108108108108109, 0.08783783783783784, 0.0945945945945946, 0.10135135135135136, 0.10810810810810811, 0.11486486486486487, 0.12162162162162163, 0.1283783783783784, 0.13513513513513514, 0.14189189189189189, 0.14864864864864866, 0.15540540540540543, 0.16216216216216217, 0.16891891891891891, 0.17567567567567569, 0.18243243243243246, 0.1891891891891892, 0.19594594594594594, 0.20270270270270271, 0.20945945945945948, 0.21621621621621623, 0.22297297297297297, 0.22972972972972974, 0.2364864864864865, 0.24324324324324326, 0.25, 0.2567567567567568, 0.26351351351351354, 0.2702702702702703, 0.27702702702702703, 0.28378378378378377, 0.29054054054054057, 0.2972972972972973, 0.30405405405405406, 0.31081081081081086, 0.3175675675675676, 0.32432432432432434, 0.3310810810810811, 0.33783783783783783, 0.3445945945945946, 0.35135135135135137, 0.3581081081081081, 0.3648648648648649, 0.37162162162162166, 0.3783783783783784, 0.38513513513513514, 0.3918918918918919, 0.3986486486486487, 0.40540540540540543, 0.41216216216216217, 0.41891891891891897, 0.4256756756756757, 0.43243243243243246, 0.4391891891891892, 0.44594594594594594, 0.45270270270270274, 0.4594594594594595, 0.46621621621621623, 0.472972972972973, 0.47972972972972977, 0.4864864864864865, 0.49324324324324326]
Amplitude: [48388.2883254185, 3694.3140321025307, 3496.652766089088, 2625.010123944019, 1698.8884369804528, 968.9713186710284, 321.1340630148383, 537.3027178766852, 526.8869321786237, 498.03106089086606, 521.0026485186769, 499.01112770060246, 216.51246234263164, 224.33280178313422, 169.84649873775305, 277.03539607961284, 184.4808084056304, 71.80129628984662, 264.48978424805114, 343.185837871726, 89.28532926636503, 229.03875794916908, 199.37612467926309, 33.11172291630555, 93.48912833680794, 127.95323873134056, 233.02611368599358, 311.04104835643267, 62.31818412776932, 142.6967677486644, 141.68226387087248, 125.26248826373383, 152.82309603539548, 39.305520360962134, 141.5387008323057, 163.22875162917407, 154.45740525941932, 54.348055879158565, 135.58817725178423, 260.48231639158985, 86.93620423231081, 133.81960074229264, 163.30212683510396, 40.86043446442934, 111.36110423373735, 103.88538036676539, 143.10338211541165, 160.18221594916898, 58.37895937437612, 127.94319732435562, 115.49508236223164, 96.2226751189118, 160.70258958166914, 135.31572923971152, 112.37977572483449, 41.36147082189681, 143.33400090969218, 159.7787679054258, 45.08459424577884, 117.06726117055783, 100.76475573245388, 121.62232922998433, 94.70969919969157, 91.09422393997369, 158.1261599541791, 61.34859603346453, 164.13793168027564, 135.32996726684664, 64.48285801031022, 155.83930631195759, 59.58620513273923, 109.7735519094063, 106.94895475430286, 69.22566618383556]

landmark_31:
Frequency (Hz): [0.0, 0.006756756756756757, 0.013513513513513514, 0.02027027027027027, 0.02702702702702703, 0.033783783783783786, 0.04054054054054054, 0.0472972972972973, 0.05405405405405406, 0.060810810810810814, 0.06756756756756757, 0.07432432432432433, 0.08108108108108109, 0.08783783783783784, 0.0945945945945946, 0.10135135135135136, 0.10810810810810811, 0.11486486486486487, 0.12162162162162163, 0.1283783783783784, 0.13513513513513514, 0.14189189189189189, 0.14864864864864866, 0.15540540540540543, 0.16216216216216217, 0.16891891891891891, 0.17567567567567569, 0.18243243243243246, 0.1891891891891892, 0.19594594594594594, 0.20270270270270271, 0.20945945945945948, 0.21621621621621623, 0.22297297297297297, 0.22972972972972974, 0.2364864864864865, 0.24324324324324326, 0.25, 0.2567567567567568, 0.26351351351351354, 0.2702702702702703, 0.27702702702702703, 0.28378378378378377, 0.29054054054054057, 0.2972972972972973, 0.30405405405405406, 0.31081081081081086, 0.3175675675675676, 0.32432432432432434, 0.3310810810810811, 0.33783783783783783, 0.3445945945945946, 0.35135135135135137, 0.3581081081081081, 0.3648648648648649, 0.37162162162162166, 0.3783783783783784, 0.38513513513513514, 0.3918918918918919, 0.3986486486486487, 0.40540540540540543, 0.41216216216216217, 0.41891891891891897, 0.4256756756756757, 0.43243243243243246, 0.4391891891891892, 0.44594594594594594, 0.45270270270270274, 0.4594594594594595, 0.46621621621621623, 0.472972972972973, 0.47972972972972977, 0.4864864864864865, 0.49324324324324326]
Amplitude: [66997.46757982456, 1724.7894643652644, 858.672325827495, 2534.453287186947, 1923.230491105901, 724.473773999017, 899.1259718727446, 713.6545897336223, 226.14406009762502, 849.2714052244316, 325.9806807664477, 441.51472170246063, 573.9375126018359, 410.30076221280945, 727.654918600741, 355.7222202116339, 653.1504231986968, 686.9717475737305, 603.635297054514, 836.6977467527839, 584.1180985451862, 414.25629459682, 257.51501607860115, 544.3992084105598, 305.9727852792932, 448.12612409261084, 225.70667360521205, 257.11965148555225, 313.3124086505959, 306.66361469074985, 135.90472880239025, 186.3661730147989, 135.4681420498219, 193.21548110602123, 198.57378695396002, 214.1055304258845, 118.51460692071447, 196.19184640909367, 122.77279313487297, 68.83745126153258, 77.66594667730864, 67.56384620281038, 37.729184604394014, 120.86004999819171, 206.4198009330489, 178.0310610020511, 158.00488608758857, 91.26599539037302, 134.08339855849968, 136.40817300323738, 160.75779979909134, 157.58896922188165, 50.838829549787704, 98.47044875809921, 185.96795052269917, 239.4038246107205, 181.64942496085027, 127.96253661260636, 59.85750141014176, 84.30102893976441, 144.93003827346547, 179.50206736432662, 138.08086207072313, 58.09065943753739, 96.82813833772958, 117.11453737423146, 91.90525201399652, 101.88777535161742, 54.55903977234761, 27.840890356238923, 40.14675292214599, 44.152075916840595, 57.07554260067396, 78.13777458207535]

landmark_32:
Frequency (Hz): [0.0, 0.006756756756756757, 0.013513513513513514, 0.02027027027027027, 0.02702702702702703, 0.033783783783783786, 0.04054054054054054, 0.0472972972972973, 0.05405405405405406, 0.060810810810810814, 0.06756756756756757, 0.07432432432432433, 0.08108108108108109, 0.08783783783783784, 0.0945945945945946, 0.10135135135135136, 0.10810810810810811, 0.11486486486486487, 0.12162162162162163, 0.1283783783783784, 0.13513513513513514, 0.14189189189189189, 0.14864864864864866, 0.15540540540540543, 0.16216216216216217, 0.16891891891891891, 0.17567567567567569, 0.18243243243243246, 0.1891891891891892, 0.19594594594594594, 0.20270270270270271, 0.20945945945945948, 0.21621621621621623, 0.22297297297297297, 0.22972972972972974, 0.2364864864864865, 0.24324324324324326, 0.25, 0.2567567567567568, 0.26351351351351354, 0.2702702702702703, 0.27702702702702703, 0.28378378378378377, 0.29054054054054057, 0.2972972972972973, 0.30405405405405406, 0.31081081081081086, 0.3175675675675676, 0.32432432432432434, 0.3310810810810811, 0.33783783783783783, 0.3445945945945946, 0.35135135135135137, 0.3581081081081081, 0.3648648648648649, 0.37162162162162166, 0.3783783783783784, 0.38513513513513514, 0.3918918918918919, 0.3986486486486487, 0.40540540540540543, 0.41216216216216217, 0.41891891891891897, 0.4256756756756757, 0.43243243243243246, 0.4391891891891892, 0.44594594594594594, 0.45270270270270274, 0.4594594594594595, 0.46621621621621623, 0.472972972972973, 0.47972972972972977, 0.4864864864864865, 0.49324324324324326]
Amplitude: [48316.3471184965, 2991.11649177909, 2585.089604454626, 2349.3322249725625, 1674.8806403951278, 936.3808276897186, 819.7503226841592, 212.90185174092062, 437.40871848264203, 297.41830665939983, 613.7960344768326, 446.89260032892594, 286.1957078286321, 118.7379330246755, 104.33046110078361, 115.52879240338346, 139.2289560728256, 145.86709992642997, 235.0819214349408, 217.69968732580364, 168.1523361697213, 182.3096785937421, 179.24531338182865, 23.852314117560088, 42.75716271418712, 61.63296587999709, 131.694205953445, 137.75325260817974, 97.68529580359595, 58.00817250369427, 101.9694368013077, 82.82792593006724, 78.49936770165488, 57.45948585753918, 78.30441391777245, 142.59919527846853, 134.50816921576163, 61.76974037688901, 107.86615705328616, 191.42923254541054, 121.8062374712144, 66.72955763955207, 134.89027973091538, 100.79986728225627, 85.00019895564733, 61.755013549207305, 87.72773037134924, 95.61329555578598, 39.2056874874871, 124.20274562864861, 102.34826776355958, 21.601184918206766, 97.54498601731315, 109.40184357692237, 87.19871247705761, 45.857947112038175, 112.7063801698692, 119.25119551113107, 37.29669988556246, 78.33322123981726, 72.09939129258755, 102.24078770851023, 47.94172825779269, 63.21067596252784, 105.9820252336878, 35.76774095593257, 96.4039707087971, 81.16594204173171, 39.71240546810292, 112.27507306217562, 40.27169804833482, 80.11640100653418, 81.13853058755389, 58.33120972832337]

