landmark_0:
Frequency (Hz): [0.0, 0.006756756756756757, 0.013513513513513514, 0.02027027027027027, 0.02702702702702703, 0.033783783783783786, 0.04054054054054054, 0.0472972972972973, 0.05405405405405406, 0.060810810810810814, 0.06756756756756757, 0.07432432432432433, 0.08108108108108109, 0.08783783783783784, 0.0945945945945946, 0.10135135135135136, 0.10810810810810811, 0.11486486486486487, 0.12162162162162163, 0.1283783783783784, 0.13513513513513514, 0.14189189189189189, 0.14864864864864866, 0.15540540540540543, 0.16216216216216217, 0.16891891891891891, 0.17567567567567569, 0.18243243243243246, 0.1891891891891892, 0.19594594594594594, 0.20270270270270271, 0.20945945945945948, 0.21621621621621623, 0.22297297297297297, 0.22972972972972974, 0.2364864864864865, 0.24324324324324326, 0.25, 0.2567567567567568, 0.26351351351351354, 0.2702702702702703, 0.27702702702702703, 0.28378378378378377, 0.29054054054054057, 0.2972972972972973, 0.30405405405405406, 0.31081081081081086, 0.3175675675675676, 0.32432432432432434, 0.3310810810810811, 0.33783783783783783, 0.3445945945945946, 0.35135135135135137, 0.3581081081081081, 0.3648648648648649, 0.37162162162162166, 0.3783783783783784, 0.38513513513513514, 0.3918918918918919, 0.3986486486486487, 0.40540540540540543, 0.41216216216216217, 0.41891891891891897, 0.4256756756756757, 0.43243243243243246, 0.4391891891891892, 0.44594594594594594, 0.45270270270270274, 0.4594594594594595, 0.46621621621621623, 0.472972972972973, 0.47972972972972977, 0.4864864864864865, 0.49324324324324326]
Amplitude: [90897.85870697681, 1298.8894305655124, 1530.8760768770182, 942.568665630385, 786.9846405616111, 509.37677198441816, 506.3299677511696, 230.53258780364047, 493.6424057604595, 237.02628413377707, 387.04942527630925, 239.55302736045255, 152.60793245810237, 77.05253207090743, 215.75276014085188, 178.33226386030418, 95.32573520064703, 82.17789372968909, 30.49798702999669, 125.4998668160357, 61.214924897168785, 100.58181278658066, 60.543342946309416, 89.1810242936298, 36.648145763360866, 84.21216452921509, 49.78329949561144, 109.10920195672111, 27.773982918197156, 75.79779010092535, 29.028714996395266, 10.460071100116746, 11.987883325810612, 63.5904428520947, 39.515934494273495, 34.442934780943574, 31.862283051123285, 7.943167883090559, 40.02618185226933, 28.47181202360903, 54.57179834165202, 38.61164244447168, 31.977604627289452, 46.65568754012044, 48.130330972771624, 41.30465573506003, 53.03300877919949, 26.419322822164762, 15.016799890029858, 45.29007180279242, 22.48716559094878, 34.057774176924234, 13.90191810976201, 20.768643732864795, 7.904411719958288, 18.41385584961819, 15.959652445554667, 34.86594686596156, 53.582803046632186, 30.535503038887658, 39.252602041541955, 27.483640213510704, 39.01121483653251, 18.88450574601446, 40.32041312720562, 12.61432819805355, 18.07254634348566, 18.96188147513466, 16.78662175350302, 23.8980188209868, 8.444059217664215, 3.663676824479164, 9.311309299702296, 16.58990686332981]

landmark_1:
Frequency (Hz): [0.0, 0.006756756756756757, 0.013513513513513514, 0.02027027027027027, 0.02702702702702703, 0.033783783783783786, 0.04054054054054054, 0.0472972972972973, 0.05405405405405406, 0.060810810810810814, 0.06756756756756757, 0.07432432432432433, 0.08108108108108109, 0.08783783783783784, 0.0945945945945946, 0.10135135135135136, 0.10810810810810811, 0.11486486486486487, 0.12162162162162163, 0.1283783783783784, 0.13513513513513514, 0.14189189189189189, 0.14864864864864866, 0.15540540540540543, 0.16216216216216217, 0.16891891891891891, 0.17567567567567569, 0.18243243243243246, 0.1891891891891892, 0.19594594594594594, 0.20270270270270271, 0.20945945945945948, 0.21621621621621623, 0.22297297297297297, 0.22972972972972974, 0.2364864864864865, 0.24324324324324326, 0.25, 0.2567567567567568, 0.26351351351351354, 0.2702702702702703, 0.27702702702702703, 0.28378378378378377, 0.29054054054054057, 0.2972972972972973, 0.30405405405405406, 0.31081081081081086, 0.3175675675675676, 0.32432432432432434, 0.3310810810810811, 0.33783783783783783, 0.3445945945945946, 0.35135135135135137, 0.3581081081081081, 0.3648648648648649, 0.37162162162162166, 0.3783783783783784, 0.38513513513513514, 0.3918918918918919, 0.3986486486486487, 0.40540540540540543, 0.41216216216216217, 0.41891891891891897, 0.4256756756756757, 0.43243243243243246, 0.4391891891891892, 0.44594594594594594, 0.45270270270270274, 0.4594594594594595, 0.46621621621621623, 0.472972972972973, 0.47972972972972977, 0.4864864864864865, 0.49324324324324326]
Amplitude: [91188.93515306024, 1114.0355008170932, 1469.9296958154823, 945.4192105022852, 723.0528016875672, 475.08010929473494, 489.8671095781877, 224.21305078801868, 471.1626519604998, 209.47673941833565, 355.2693723627808, 243.87778159262194, 136.36121548002157, 83.9204726635815, 198.4939472787337, 177.75964160558974, 100.31321678180612, 70.9814404093834, 17.190606896448248, 112.33202563140613, 62.60190931583554, 101.17365290145332, 60.533167057108436, 83.59179867638254, 41.46754386865629, 85.38329110684805, 55.1134973797262, 108.66459541391662, 31.343827627621003, 76.45954467795401, 29.9767217841979, 9.369267056471568, 14.739530278942034, 60.219065955659964, 38.040055546750224, 32.05224135348491, 35.333590670709185, 10.7686902036743, 38.552771010773164, 25.207406514168337, 54.76384925549837, 38.2322387812394, 36.992248435106696, 46.07540658524456, 49.67576145523896, 38.78242064801283, 55.25610514911416, 28.455566381477418, 16.62018834907014, 46.30510913802662, 17.875718162418373, 34.818024139242475, 14.756574180182477, 22.325898640017382, 2.2997771246513037, 17.320600313467015, 15.038922604197356, 36.986978290010995, 53.83164365183875, 28.782793218854795, 37.73665034920972, 30.38833688716426, 38.957231752331175, 20.07131779553905, 41.153318957148905, 13.124733742753964, 20.380321418382056, 21.04260383240562, 19.216487201575205, 25.285418594533695, 8.663422831470522, 5.261429284974367, 7.39362720614984, 21.699623924977068]

landmark_2:
Frequency (Hz): [0.0, 0.006756756756756757, 0.013513513513513514, 0.02027027027027027, 0.02702702702702703, 0.033783783783783786, 0.04054054054054054, 0.0472972972972973, 0.05405405405405406, 0.060810810810810814, 0.06756756756756757, 0.07432432432432433, 0.08108108108108109, 0.08783783783783784, 0.0945945945945946, 0.10135135135135136, 0.10810810810810811, 0.11486486486486487, 0.12162162162162163, 0.1283783783783784, 0.13513513513513514, 0.14189189189189189, 0.14864864864864866, 0.15540540540540543, 0.16216216216216217, 0.16891891891891891, 0.17567567567567569, 0.18243243243243246, 0.1891891891891892, 0.19594594594594594, 0.20270270270270271, 0.20945945945945948, 0.21621621621621623, 0.22297297297297297, 0.22972972972972974, 0.2364864864864865, 0.24324324324324326, 0.25, 0.2567567567567568, 0.26351351351351354, 0.2702702702702703, 0.27702702702702703, 0.28378378378378377, 0.29054054054054057, 0.2972972972972973, 0.30405405405405406, 0.31081081081081086, 0.3175675675675676, 0.32432432432432434, 0.3310810810810811, 0.33783783783783783, 0.3445945945945946, 0.35135135135135137, 0.3581081081081081, 0.3648648648648649, 0.37162162162162166, 0.3783783783783784, 0.38513513513513514, 0.3918918918918919, 0.3986486486486487, 0.40540540540540543, 0.41216216216216217, 0.41891891891891897, 0.4256756756756757, 0.43243243243243246, 0.4391891891891892, 0.44594594594594594, 0.45270270270270274, 0.4594594594594595, 0.46621621621621623, 0.472972972972973, 0.47972972972972977, 0.4864864864864865, 0.49324324324324326]
Amplitude: [91383.01384077311, 1083.3963882178923, 1471.3230895600132, 957.5042499617118, 710.5872348289162, 468.52037475933776, 486.7271038027852, 224.59361752381295, 469.91985454244946, 207.929617816538, 355.4618029519273, 241.75389045541837, 131.71041736060832, 87.55375114266555, 198.00811481030433, 178.46922260244227, 100.27508693851577, 68.09403655591944, 15.501682205162483, 111.89627273308217, 64.84684896855828, 103.76612417013314, 61.27200704795209, 83.51575255481087, 43.84567636320943, 86.20089802250271, 56.0033944350502, 109.38661970349905, 32.51619143572561, 76.4818021639347, 30.77483176214553, 10.892838291355813, 14.212259947046118, 60.147807148881554, 38.17208751775073, 32.51820306028417, 35.34997183170185, 11.810808612069167, 39.03193691214436, 24.65969457702559, 54.20986026289091, 38.66893710727568, 38.10388658431677, 46.0881090075518, 49.96075931917053, 38.91681652821297, 55.917796348853535, 28.588419816130987, 16.866223681394768, 46.62484912924549, 17.57402810758721, 35.289610604350585, 14.915564929686218, 21.892448107027054, 2.011342868663595, 17.84671715765351, 15.198955248958017, 37.48239082654002, 54.14783743497818, 28.644146240703392, 37.87284717548422, 30.71900431414716, 38.91781926669272, 19.936177080570623, 41.79856864973273, 12.78562935575049, 20.42493616962383, 21.682049018727906, 19.60768924947271, 25.202131013235498, 9.046321510949406, 5.743686242980501, 7.755984772995845, 22.173667604127196]

landmark_3:
Frequency (Hz): [0.0, 0.006756756756756757, 0.013513513513513514, 0.02027027027027027, 0.02702702702702703, 0.033783783783783786, 0.04054054054054054, 0.0472972972972973, 0.05405405405405406, 0.060810810810810814, 0.06756756756756757, 0.07432432432432433, 0.08108108108108109, 0.08783783783783784, 0.0945945945945946, 0.10135135135135136, 0.10810810810810811, 0.11486486486486487, 0.12162162162162163, 0.1283783783783784, 0.13513513513513514, 0.14189189189189189, 0.14864864864864866, 0.15540540540540543, 0.16216216216216217, 0.16891891891891891, 0.17567567567567569, 0.18243243243243246, 0.1891891891891892, 0.19594594594594594, 0.20270270270270271, 0.20945945945945948, 0.21621621621621623, 0.22297297297297297, 0.22972972972972974, 0.2364864864864865, 0.24324324324324326, 0.25, 0.2567567567567568, 0.26351351351351354, 0.2702702702702703, 0.27702702702702703, 0.28378378378378377, 0.29054054054054057, 0.2972972972972973, 0.30405405405405406, 0.31081081081081086, 0.3175675675675676, 0.32432432432432434, 0.3310810810810811, 0.33783783783783783, 0.3445945945945946, 0.35135135135135137, 0.3581081081081081, 0.3648648648648649, 0.37162162162162166, 0.3783783783783784, 0.38513513513513514, 0.3918918918918919, 0.3986486486486487, 0.40540540540540543, 0.41216216216216217, 0.41891891891891897, 0.4256756756756757, 0.43243243243243246, 0.4391891891891892, 0.44594594594594594, 0.45270270270270274, 0.4594594594594595, 0.46621621621621623, 0.472972972972973, 0.47972972972972977, 0.4864864864864865, 0.49324324324324326]
Amplitude: [91570.77335119425, 1059.5231868559667, 1466.94954381548, 965.5286379884536, 695.8754783501581, 462.4801630686098, 486.1673794486281, 225.31453394203072, 465.582889464676, 207.3420704625625, 353.9212791926197, 240.927113236233, 129.68434013823747, 88.49437518696799, 194.7948486349766, 180.27229849033975, 102.39189569103624, 67.07955069586554, 15.684389248816384, 110.33643426937938, 65.79165682953659, 106.55466734832196, 60.89911747127484, 81.80221227257711, 45.89942930463451, 87.7791852809929, 55.79096345745516, 108.0377660563053, 32.59407987083285, 75.40031803375074, 30.647087756385247, 12.063987357860476, 14.096429108900924, 60.081960418989944, 38.08788113339067, 32.66951584360683, 35.62483894599175, 12.224573435967185, 39.80179045826688, 24.316795943147493, 54.27906376183904, 38.482509294049215, 38.32183031990083, 46.15846757083974, 50.44968999694885, 39.01804767425147, 56.27243744422697, 28.261961136756426, 16.648494757786384, 47.07149675766095, 17.407857708603323, 35.491212425427904, 14.659117037555143, 21.410288984918935, 1.6725670831678023, 18.461487268162863, 15.487563204793222, 38.142430791821994, 53.90802900686245, 27.972153664421757, 37.68743679411528, 31.33874589894095, 39.33359421669484, 19.54922552934335, 42.135543780806834, 12.963505169250666, 20.96183361725022, 22.142962080557172, 19.342394957829068, 25.541448988496718, 9.495373558725792, 6.0349878858292145, 7.794074540403881, 22.74300742453823]

landmark_4:
Frequency (Hz): [0.0, 0.006756756756756757, 0.013513513513513514, 0.02027027027027027, 0.02702702702702703, 0.033783783783783786, 0.04054054054054054, 0.0472972972972973, 0.05405405405405406, 0.060810810810810814, 0.06756756756756757, 0.07432432432432433, 0.08108108108108109, 0.08783783783783784, 0.0945945945945946, 0.10135135135135136, 0.10810810810810811, 0.11486486486486487, 0.12162162162162163, 0.1283783783783784, 0.13513513513513514, 0.14189189189189189, 0.14864864864864866, 0.15540540540540543, 0.16216216216216217, 0.16891891891891891, 0.17567567567567569, 0.18243243243243246, 0.1891891891891892, 0.19594594594594594, 0.20270270270270271, 0.20945945945945948, 0.21621621621621623, 0.22297297297297297, 0.22972972972972974, 0.2364864864864865, 0.24324324324324326, 0.25, 0.2567567567567568, 0.26351351351351354, 0.2702702702702703, 0.27702702702702703, 0.28378378378378377, 0.29054054054054057, 0.2972972972972973, 0.30405405405405406, 0.31081081081081086, 0.3175675675675676, 0.32432432432432434, 0.3310810810810811, 0.33783783783783783, 0.3445945945945946, 0.35135135135135137, 0.3581081081081081, 0.3648648648648649, 0.37162162162162166, 0.3783783783783784, 0.38513513513513514, 0.3918918918918919, 0.3986486486486487, 0.40540540540540543, 0.41216216216216217, 0.41891891891891897, 0.4256756756756757, 0.43243243243243246, 0.4391891891891892, 0.44594594594594594, 0.45270270270270274, 0.4594594594594595, 0.46621621621621623, 0.472972972972973, 0.47972972972972977, 0.4864864864864865, 0.49324324324324326]
Amplitude: [90857.97495299358, 1326.9078923035274, 1468.2204854205054, 964.3308315821793, 785.1721764406551, 495.8495866322069, 493.04949021517746, 197.90230710454892, 485.1099808826215, 221.45829873964814, 361.6565090987192, 242.37572288865806, 147.76956144504103, 77.6019794143171, 219.00674001346934, 188.49888382844563, 88.6702003426845, 75.69245903027608, 28.235852902885963, 124.65833571492372, 64.17274424165304, 103.50057033386591, 68.01798936502902, 86.29328691498489, 36.10313734796638, 88.53124726139447, 53.532263448065606, 106.7236880286532, 27.400697616885058, 74.66362533261344, 29.717641140162833, 2.772207308651643, 10.053151970934922, 65.25656001749775, 42.13709361007859, 31.903507368113086, 33.31357599953201, 7.845467249645146, 35.76918482076358, 28.139704905762482, 54.795827547884315, 39.82699594546225, 31.389031129886277, 47.38420044071057, 44.36682346196008, 38.18339269312964, 55.01429851684344, 26.944432736476607, 10.952769193870964, 49.82851202373707, 21.366201680100932, 29.43148047321523, 14.878873705241439, 22.946025078566134, 7.790487303629831, 13.663564072886269, 14.59984224346007, 33.339904337728136, 51.70504141383386, 31.912506906638914, 33.650608883972666, 29.264785658748217, 37.62873814751373, 16.050641491274305, 39.04512302543982, 11.228438449165024, 19.448232794437367, 16.82201223084134, 17.946869051985605, 20.915500514813864, 8.544529668993755, 7.674391576851237, 6.979889669426079, 16.114397030061706]

landmark_5:
Frequency (Hz): [0.0, 0.006756756756756757, 0.013513513513513514, 0.02027027027027027, 0.02702702702702703, 0.033783783783783786, 0.04054054054054054, 0.0472972972972973, 0.05405405405405406, 0.060810810810810814, 0.06756756756756757, 0.07432432432432433, 0.08108108108108109, 0.08783783783783784, 0.0945945945945946, 0.10135135135135136, 0.10810810810810811, 0.11486486486486487, 0.12162162162162163, 0.1283783783783784, 0.13513513513513514, 0.14189189189189189, 0.14864864864864866, 0.15540540540540543, 0.16216216216216217, 0.16891891891891891, 0.17567567567567569, 0.18243243243243246, 0.1891891891891892, 0.19594594594594594, 0.20270270270270271, 0.20945945945945948, 0.21621621621621623, 0.22297297297297297, 0.22972972972972974, 0.2364864864864865, 0.24324324324324326, 0.25, 0.2567567567567568, 0.26351351351351354, 0.2702702702702703, 0.27702702702702703, 0.28378378378378377, 0.29054054054054057, 0.2972972972972973, 0.30405405405405406, 0.31081081081081086, 0.3175675675675676, 0.32432432432432434, 0.3310810810810811, 0.33783783783783783, 0.3445945945945946, 0.35135135135135137, 0.3581081081081081, 0.3648648648648649, 0.37162162162162166, 0.3783783783783784, 0.38513513513513514, 0.3918918918918919, 0.3986486486486487, 0.40540540540540543, 0.41216216216216217, 0.41891891891891897, 0.4256756756756757, 0.43243243243243246, 0.4391891891891892, 0.44594594594594594, 0.45270270270270274, 0.4594594594594595, 0.46621621621621623, 0.472972972972973, 0.47972972972972977, 0.4864864864864865, 0.49324324324324326]
Amplitude: [90655.38744065963, 1330.1861587792184, 1454.301874307355, 952.9984031200742, 787.2559809069497, 490.74986507314435, 491.6555633666546, 197.6206836949037, 481.015215891943, 224.41142390616727, 362.7086995080779, 241.12831304057164, 150.77532396740278, 77.1179701908315, 217.89327519568516, 189.39476653657206, 89.18931373275292, 77.63471021751283, 28.16931036778399, 125.73271468993637, 64.31471740829734, 104.57784507729642, 69.20329276126616, 87.30383699129814, 35.81125924365132, 88.86924850879095, 52.76954966978977, 107.24621648364719, 28.164710586929374, 75.00019529102757, 29.42214441020666, 3.4849045650550146, 9.475789719349127, 66.25666335305019, 41.506976519892, 31.52430204800446, 32.59010552522112, 7.159418353935205, 35.43327530092937, 27.633635179755967, 55.2556013041868, 39.83050069491474, 31.187315501694773, 47.01020771706043, 43.818258490417776, 38.17541257694834, 55.29747509326814, 27.490557755312857, 10.59295843682689, 49.54843944147391, 21.5274627165287, 29.03967580255509, 14.25322923708965, 23.116462445734918, 7.829230024634559, 13.546857256292316, 14.140914351890816, 33.07302417681368, 51.78369271397406, 31.93170802331854, 33.04881066645506, 29.497841980818635, 36.992639142326944, 15.750659752230455, 38.64182287799105, 11.044788388435265, 19.39408521654473, 16.19004555414033, 17.24511470356806, 20.670132136026922, 8.69640697641165, 8.065961838028727, 6.764571265848363, 15.576939337375952]

landmark_6:
Frequency (Hz): [0.0, 0.006756756756756757, 0.013513513513513514, 0.02027027027027027, 0.02702702702702703, 0.033783783783783786, 0.04054054054054054, 0.0472972972972973, 0.05405405405405406, 0.060810810810810814, 0.06756756756756757, 0.07432432432432433, 0.08108108108108109, 0.08783783783783784, 0.0945945945945946, 0.10135135135135136, 0.10810810810810811, 0.11486486486486487, 0.12162162162162163, 0.1283783783783784, 0.13513513513513514, 0.14189189189189189, 0.14864864864864866, 0.15540540540540543, 0.16216216216216217, 0.16891891891891891, 0.17567567567567569, 0.18243243243243246, 0.1891891891891892, 0.19594594594594594, 0.20270270270270271, 0.20945945945945948, 0.21621621621621623, 0.22297297297297297, 0.22972972972972974, 0.2364864864864865, 0.24324324324324326, 0.25, 0.2567567567567568, 0.26351351351351354, 0.2702702702702703, 0.27702702702702703, 0.28378378378378377, 0.29054054054054057, 0.2972972972972973, 0.30405405405405406, 0.31081081081081086, 0.3175675675675676, 0.32432432432432434, 0.3310810810810811, 0.33783783783783783, 0.3445945945945946, 0.35135135135135137, 0.3581081081081081, 0.3648648648648649, 0.37162162162162166, 0.3783783783783784, 0.38513513513513514, 0.3918918918918919, 0.3986486486486487, 0.40540540540540543, 0.41216216216216217, 0.41891891891891897, 0.4256756756756757, 0.43243243243243246, 0.4391891891891892, 0.44594594594594594, 0.45270270270270274, 0.4594594594594595, 0.46621621621621623, 0.472972972972973, 0.47972972972972977, 0.4864864864864865, 0.49324324324324326]
Amplitude: [90442.69682742396, 1326.0705759670589, 1437.4304665791099, 937.8943887282493, 784.911342085315, 485.4384885296566, 489.0950726888994, 194.7263876222534, 476.61035346250674, 227.51938005286107, 363.0117262710614, 239.45934322948364, 154.1856932113214, 77.81718115788021, 218.02384738855736, 190.19063529848265, 89.8659193409454, 80.92828614042534, 29.667035269884025, 126.0274855817203, 66.0792037108869, 104.78496589875913, 71.09679997229516, 87.21217362295866, 34.95623870352623, 88.33740577021072, 52.47711688504972, 108.65454661211305, 29.389265850362584, 75.23067390156272, 28.398649998463238, 3.684163242945215, 9.278283045111923, 67.22319025134567, 40.92729449089499, 31.793755958616234, 32.39902159976125, 7.373118206001329, 35.16295307291132, 27.312585066533195, 55.397269786913895, 40.0019721500928, 31.04626744548379, 46.89689131886981, 43.33687666539739, 38.893373889597584, 54.80572447778519, 27.37560225312944, 10.113371699982661, 50.2222012940004, 21.131720564819155, 28.456046552366022, 13.79161237221558, 23.553232789108034, 7.671380764301339, 13.824900939300846, 13.713925897287595, 32.89119298238162, 51.534398181986205, 31.78703835048658, 33.057758836711685, 30.00813227582596, 37.14703348563717, 15.565586414719009, 38.12109962713022, 10.571767452639826, 19.798557717852546, 15.734373307238684, 17.29387204976817, 20.741333339228586, 8.666845447488052, 7.7760927130773005, 6.608909776307569, 14.927458328247114]

landmark_7:
Frequency (Hz): [0.0, 0.006756756756756757, 0.013513513513513514, 0.02027027027027027, 0.02702702702702703, 0.033783783783783786, 0.04054054054054054, 0.0472972972972973, 0.05405405405405406, 0.060810810810810814, 0.06756756756756757, 0.07432432432432433, 0.08108108108108109, 0.08783783783783784, 0.0945945945945946, 0.10135135135135136, 0.10810810810810811, 0.11486486486486487, 0.12162162162162163, 0.1283783783783784, 0.13513513513513514, 0.14189189189189189, 0.14864864864864866, 0.15540540540540543, 0.16216216216216217, 0.16891891891891891, 0.17567567567567569, 0.18243243243243246, 0.1891891891891892, 0.19594594594594594, 0.20270270270270271, 0.20945945945945948, 0.21621621621621623, 0.22297297297297297, 0.22972972972972974, 0.2364864864864865, 0.24324324324324326, 0.25, 0.2567567567567568, 0.26351351351351354, 0.2702702702702703, 0.27702702702702703, 0.28378378378378377, 0.29054054054054057, 0.2972972972972973, 0.30405405405405406, 0.31081081081081086, 0.3175675675675676, 0.32432432432432434, 0.3310810810810811, 0.33783783783783783, 0.3445945945945946, 0.35135135135135137, 0.3581081081081081, 0.3648648648648649, 0.37162162162162166, 0.3783783783783784, 0.38513513513513514, 0.3918918918918919, 0.3986486486486487, 0.40540540540540543, 0.41216216216216217, 0.41891891891891897, 0.4256756756756757, 0.43243243243243246, 0.4391891891891892, 0.44594594594594594, 0.45270270270270274, 0.4594594594594595, 0.46621621621621623, 0.472972972972973, 0.47972972972972977, 0.4864864864864865, 0.49324324324324326]
Amplitude: [86996.08578818158, 819.6420977172677, 1435.0114928534408, 940.1630896648751, 357.9845927429403, 313.97028645415105, 365.71450921488014, 225.17750988170096, 355.17724254843625, 77.03186087809271, 211.24426500427796, 183.23691668356057, 38.6380084629766, 102.84681229520147, 94.54635034196482, 114.47814849045507, 67.46842591375241, 11.402055321927019, 38.80598470937455, 46.08471247430583, 61.242127818119435, 86.60793033335813, 55.80234618768652, 65.85584763180103, 48.40874212026685, 71.47938223229403, 48.72139106355905, 84.85114621532472, 49.92205372220743, 60.385901921483615, 36.17080346716868, 28.7475531906946, 21.171286517290273, 27.93516953962893, 36.40819539526451, 21.848532093316283, 32.83756969144247, 15.386690316186042, 24.654174896201603, 23.709502272994996, 40.81606769208592, 29.671416701987205, 36.54896499776177, 40.646016363910725, 42.96545604917433, 29.578088544452815, 54.400976405945976, 26.80665472453071, 26.117777284868126, 48.451052075090935, 6.400408413492474, 29.527764227534504, 21.17695692377075, 25.1945178500689, 13.698786839378618, 22.52132598351397, 20.01208979068542, 29.38369073313478, 40.49848021202042, 28.123458042594834, 27.45287213990938, 32.57487884189389, 32.66822284278391, 17.050253346022316, 35.84344195816207, 21.96928930689358, 18.678070295295687, 25.817918987601946, 23.94306660912, 27.030923674985576, 17.341512211795383, 16.009234625164908, 11.325271131768073, 24.438457196278776]

landmark_8:
Frequency (Hz): [0.0, 0.006756756756756757, 0.013513513513513514, 0.02027027027027027, 0.02702702702702703, 0.033783783783783786, 0.04054054054054054, 0.0472972972972973, 0.05405405405405406, 0.060810810810810814, 0.06756756756756757, 0.07432432432432433, 0.08108108108108109, 0.08783783783783784, 0.0945945945945946, 0.10135135135135136, 0.10810810810810811, 0.11486486486486487, 0.12162162162162163, 0.1283783783783784, 0.13513513513513514, 0.14189189189189189, 0.14864864864864866, 0.15540540540540543, 0.16216216216216217, 0.16891891891891891, 0.17567567567567569, 0.18243243243243246, 0.1891891891891892, 0.19594594594594594, 0.20270270270270271, 0.20945945945945948, 0.21621621621621623, 0.22297297297297297, 0.22972972972972974, 0.2364864864864865, 0.24324324324324326, 0.25, 0.2567567567567568, 0.26351351351351354, 0.2702702702702703, 0.27702702702702703, 0.28378378378378377, 0.29054054054054057, 0.2972972972972973, 0.30405405405405406, 0.31081081081081086, 0.3175675675675676, 0.32432432432432434, 0.3310810810810811, 0.33783783783783783, 0.3445945945945946, 0.35135135135135137, 0.3581081081081081, 0.3648648648648649, 0.37162162162162166, 0.3783783783783784, 0.38513513513513514, 0.3918918918918919, 0.3986486486486487, 0.40540540540540543, 0.41216216216216217, 0.41891891891891897, 0.4256756756756757, 0.43243243243243246, 0.4391891891891892, 0.44594594594594594, 0.45270270270270274, 0.4594594594594595, 0.46621621621621623, 0.472972972972973, 0.47972972972972977, 0.4864864864864865, 0.49324324324324326]
Amplitude: [85586.80335093796, 1367.4264968502266, 1413.9384258283053, 980.7630775525374, 586.1125028565634, 391.33103982635123, 346.5208953329979, 87.62527211153, 428.41864948810183, 97.44440481285976, 248.46357212226727, 186.66223289770835, 79.867310432783, 82.26057307557039, 148.71924947961884, 146.4151424024042, 69.42285004866302, 28.53499788751952, 6.60350632224763, 58.71364329660181, 84.55426898620732, 82.562961929337, 60.66536261508719, 85.43487287915158, 25.90838341554164, 78.72857244287266, 51.73567423399739, 82.71408076895699, 40.67479263594645, 59.18754487891684, 41.191200783408924, 6.062461555208268, 25.376494585143234, 33.65384330209183, 26.822051203346767, 21.42131124069808, 27.799050033704354, 8.259893240047402, 11.963161322823003, 32.26269325128255, 35.72498997980591, 41.53698182497798, 24.726739247185886, 37.65988908452676, 34.93271674223544, 13.759406941141503, 36.118312346094164, 37.75346415161922, 18.260882654829352, 45.48956667009383, 5.463671941481715, 23.934192620595763, 19.793305305264152, 22.910632775556394, 16.260262537007087, 6.60222137127754, 20.164914807754407, 18.461078099414596, 31.63575325990173, 24.298324684232686, 29.30888320861284, 31.404872717161812, 24.842899619607557, 19.181442923642013, 34.0146669858482, 18.48365349524121, 24.537034670609277, 14.44554377440771, 24.20027523489351, 16.18564991687317, 6.742498578327227, 15.556239148539857, 13.587954993907763, 14.11014880311348]

landmark_9:
Frequency (Hz): [0.0, 0.006756756756756757, 0.013513513513513514, 0.02027027027027027, 0.02702702702702703, 0.033783783783783786, 0.04054054054054054, 0.0472972972972973, 0.05405405405405406, 0.060810810810810814, 0.06756756756756757, 0.07432432432432433, 0.08108108108108109, 0.08783783783783784, 0.0945945945945946, 0.10135135135135136, 0.10810810810810811, 0.11486486486486487, 0.12162162162162163, 0.1283783783783784, 0.13513513513513514, 0.14189189189189189, 0.14864864864864866, 0.15540540540540543, 0.16216216216216217, 0.16891891891891891, 0.17567567567567569, 0.18243243243243246, 0.1891891891891892, 0.19594594594594594, 0.20270270270270271, 0.20945945945945948, 0.21621621621621623, 0.22297297297297297, 0.22972972972972974, 0.2364864864864865, 0.24324324324324326, 0.25, 0.2567567567567568, 0.26351351351351354, 0.2702702702702703, 0.27702702702702703, 0.28378378378378377, 0.29054054054054057, 0.2972972972972973, 0.30405405405405406, 0.31081081081081086, 0.3175675675675676, 0.32432432432432434, 0.3310810810810811, 0.33783783783783783, 0.3445945945945946, 0.35135135135135137, 0.3581081081081081, 0.3648648648648649, 0.37162162162162166, 0.3783783783783784, 0.38513513513513514, 0.3918918918918919, 0.3986486486486487, 0.40540540540540543, 0.41216216216216217, 0.41891891891891897, 0.4256756756756757, 0.43243243243243246, 0.4391891891891892, 0.44594594594594594, 0.45270270270270274, 0.4594594594594595, 0.46621621621621623, 0.472972972972973, 0.47972972972972977, 0.4864864864864865, 0.49324324324324326]
Amplitude: [88075.48390592755, 1170.1599406529476, 1574.5476014583005, 924.7236193562155, 668.3330102255817, 454.74060460015346, 456.33969526880276, 219.32834349525996, 454.89394134689917, 168.39577537180148, 343.7655976160338, 223.55848492902243, 105.2157843843512, 80.36839686258472, 173.1723759263565, 146.47637452738442, 89.46154660067978, 50.51159328098792, 7.25074641236068, 93.45458047166332, 58.415189725913116, 93.67138618787205, 58.26531572516372, 88.52462003295427, 38.034148840756494, 77.12005189622556, 47.7559636271697, 101.32312260369352, 39.835414326475, 76.0053201866707, 35.170152486876475, 11.601644303312106, 15.047788079165395, 51.98862038611749, 37.01989292255807, 29.374123409544076, 32.6359384745281, 8.410621960491161, 31.33147714063877, 29.170114590192828, 49.60889134969255, 35.362605324688005, 30.63638614423075, 47.5940374442869, 46.33510904094807, 35.95515127521432, 53.16643706396519, 27.148583148272163, 16.879767793060466, 46.403117401202365, 11.410088367507372, 31.208399200542917, 12.434493055384424, 24.514478517684402, 3.517912071238146, 20.418061022959986, 17.875764980869747, 31.47581737774616, 46.59856728767082, 29.70645140357693, 33.42772052286287, 30.936827539546183, 38.52501022996511, 16.177737388989872, 38.898827963743884, 18.815692062891664, 17.64558630360214, 23.983680281348285, 18.631135325566433, 24.11457233014466, 7.8983813635581805, 9.03445188337339, 11.181777963403446, 18.05468334997766]

landmark_10:
Frequency (Hz): [0.0, 0.006756756756756757, 0.013513513513513514, 0.02027027027027027, 0.02702702702702703, 0.033783783783783786, 0.04054054054054054, 0.0472972972972973, 0.05405405405405406, 0.060810810810810814, 0.06756756756756757, 0.07432432432432433, 0.08108108108108109, 0.08783783783783784, 0.0945945945945946, 0.10135135135135136, 0.10810810810810811, 0.11486486486486487, 0.12162162162162163, 0.1283783783783784, 0.13513513513513514, 0.14189189189189189, 0.14864864864864866, 0.15540540540540543, 0.16216216216216217, 0.16891891891891891, 0.17567567567567569, 0.18243243243243246, 0.1891891891891892, 0.19594594594594594, 0.20270270270270271, 0.20945945945945948, 0.21621621621621623, 0.22297297297297297, 0.22972972972972974, 0.2364864864864865, 0.24324324324324326, 0.25, 0.2567567567567568, 0.26351351351351354, 0.2702702702702703, 0.27702702702702703, 0.28378378378378377, 0.29054054054054057, 0.2972972972972973, 0.30405405405405406, 0.31081081081081086, 0.3175675675675676, 0.32432432432432434, 0.3310810810810811, 0.33783783783783783, 0.3445945945945946, 0.35135135135135137, 0.3581081081081081, 0.3648648648648649, 0.37162162162162166, 0.3783783783783784, 0.38513513513513514, 0.3918918918918919, 0.3986486486486487, 0.40540540540540543, 0.41216216216216217, 0.41891891891891897, 0.4256756756756757, 0.43243243243243246, 0.4391891891891892, 0.44594594594594594, 0.45270270270270274, 0.4594594594594595, 0.46621621621621623, 0.472972972972973, 0.47972972972972977, 0.4864864864864865, 0.49324324324324326]
Amplitude: [87623.81330330434, 1394.2894707624523, 1549.3353258923694, 945.9521313705031, 746.6287947487132, 476.46026545629576, 443.93507349754816, 180.08014618356663, 474.9803501308548, 184.0680165570146, 359.1010303288046, 220.5495475980585, 122.90745689832346, 72.95052808652018, 199.7052154393719, 162.13164951464282, 82.44026310059444, 58.9011637002299, 27.501455648863207, 108.86325364177135, 59.4770719366452, 95.2952444151216, 62.99164729920922, 90.40632359604466, 30.844044621085928, 81.86366721021503, 50.38529986841546, 98.79153207670456, 31.54233647446991, 71.69413303605847, 35.466790810535635, 6.5611278146114635, 9.655946714929371, 54.8019689839366, 37.76917945949413, 27.82283870140815, 32.091841066076014, 2.250010297392631, 24.77048965115858, 32.43398511590881, 47.83821498917842, 37.45078811030116, 24.782820976986518, 46.39778807978495, 40.175668323644324, 31.907869726513592, 48.93532780270688, 28.478811922946274, 11.70219388819253, 45.82118916327345, 16.811107055884943, 28.580345032230603, 12.044451850271274, 23.666028240265938, 8.547731388106364, 14.767779814771036, 15.30296902794738, 26.35051070666423, 44.33785647024699, 31.608573799423905, 29.497897871373755, 29.91061929473146, 35.93599245359103, 13.479461369738049, 38.43905547817116, 15.739258659845678, 17.917785102190376, 20.11925081153415, 17.576184748170956, 20.019781595600165, 4.927975490595385, 8.323528080178932, 9.445336315475933, 12.156074680258588]

landmark_11:
Frequency (Hz): [0.0, 0.006756756756756757, 0.013513513513513514, 0.02027027027027027, 0.02702702702702703, 0.033783783783783786, 0.04054054054054054, 0.0472972972972973, 0.05405405405405406, 0.060810810810810814, 0.06756756756756757, 0.07432432432432433, 0.08108108108108109, 0.08783783783783784, 0.0945945945945946, 0.10135135135135136, 0.10810810810810811, 0.11486486486486487, 0.12162162162162163, 0.1283783783783784, 0.13513513513513514, 0.14189189189189189, 0.14864864864864866, 0.15540540540540543, 0.16216216216216217, 0.16891891891891891, 0.17567567567567569, 0.18243243243243246, 0.1891891891891892, 0.19594594594594594, 0.20270270270270271, 0.20945945945945948, 0.21621621621621623, 0.22297297297297297, 0.22972972972972974, 0.2364864864864865, 0.24324324324324326, 0.25, 0.2567567567567568, 0.26351351351351354, 0.2702702702702703, 0.27702702702702703, 0.28378378378378377, 0.29054054054054057, 0.2972972972972973, 0.30405405405405406, 0.31081081081081086, 0.3175675675675676, 0.32432432432432434, 0.3310810810810811, 0.33783783783783783, 0.3445945945945946, 0.35135135135135137, 0.3581081081081081, 0.3648648648648649, 0.37162162162162166, 0.3783783783783784, 0.38513513513513514, 0.3918918918918919, 0.3986486486486487, 0.40540540540540543, 0.41216216216216217, 0.41891891891891897, 0.4256756756756757, 0.43243243243243246, 0.4391891891891892, 0.44594594594594594, 0.45270270270270274, 0.4594594594594595, 0.46621621621621623, 0.472972972972973, 0.47972972972972977, 0.4864864864864865, 0.49324324324324326]
Amplitude: [82844.86802876175, 1100.0155056500353, 1995.706470199166, 911.2483071727567, 291.98409939047724, 313.6768084404334, 205.61686076859402, 297.0894524436836, 297.4629355725799, 79.61413686561379, 180.21661858250687, 163.85305752945033, 60.17096329447559, 134.5875867225832, 62.9026159630903, 52.87610919084108, 62.811026797933295, 25.50443807956382, 27.358359561632977, 50.22647840206878, 82.45061471756921, 80.1013674645505, 52.79460621206778, 71.81272617957158, 34.90353720285934, 53.06338937693355, 47.85036094364071, 68.77606893419821, 47.833572497994076, 56.239122077107744, 38.68181705548511, 40.5287408025648, 41.68602469397636, 23.953514477240166, 27.86245715292744, 21.556567471174784, 31.700639175900907, 19.759959586661378, 26.819221386990364, 27.357805764166915, 30.996095854166327, 38.429455717050246, 32.57054619130526, 37.03250858945924, 40.51440944431632, 34.0767917345281, 43.60041869454241, 30.380830516012264, 31.86694236468202, 34.84351905745242, 19.647064654575587, 31.071388009568228, 20.89007364744047, 25.86038403965195, 19.791750754844912, 23.214300929984258, 22.59303969191134, 27.393732281595454, 27.081706049533803, 26.587041324589027, 25.198169773976602, 27.90002480695564, 31.169054961786287, 21.543560889160954, 34.50115591320662, 23.48128001518828, 18.187577470792213, 31.322338161940653, 20.899945948927538, 30.33957576750263, 20.353706186880054, 19.056096073658175, 27.40606072366298, 22.52765906944579]

landmark_12:
Frequency (Hz): [0.0, 0.006756756756756757, 0.013513513513513514, 0.02027027027027027, 0.02702702702702703, 0.033783783783783786, 0.04054054054054054, 0.0472972972972973, 0.05405405405405406, 0.060810810810810814, 0.06756756756756757, 0.07432432432432433, 0.08108108108108109, 0.08783783783783784, 0.0945945945945946, 0.10135135135135136, 0.10810810810810811, 0.11486486486486487, 0.12162162162162163, 0.1283783783783784, 0.13513513513513514, 0.14189189189189189, 0.14864864864864866, 0.15540540540540543, 0.16216216216216217, 0.16891891891891891, 0.17567567567567569, 0.18243243243243246, 0.1891891891891892, 0.19594594594594594, 0.20270270270270271, 0.20945945945945948, 0.21621621621621623, 0.22297297297297297, 0.22972972972972974, 0.2364864864864865, 0.24324324324324326, 0.25, 0.2567567567567568, 0.26351351351351354, 0.2702702702702703, 0.27702702702702703, 0.28378378378378377, 0.29054054054054057, 0.2972972972972973, 0.30405405405405406, 0.31081081081081086, 0.3175675675675676, 0.32432432432432434, 0.3310810810810811, 0.33783783783783783, 0.3445945945945946, 0.35135135135135137, 0.3581081081081081, 0.3648648648648649, 0.37162162162162166, 0.3783783783783784, 0.38513513513513514, 0.3918918918918919, 0.3986486486486487, 0.40540540540540543, 0.41216216216216217, 0.41891891891891897, 0.4256756756756757, 0.43243243243243246, 0.4391891891891892, 0.44594594594594594, 0.45270270270270274, 0.4594594594594595, 0.46621621621621623, 0.472972972972973, 0.47972972972972977, 0.4864864864864865, 0.49324324324324326]
Amplitude: [77555.8704733619, 1034.5193864786672, 956.336016021066, 1088.177666084172, 508.40492963585956, 77.21632221900028, 121.14837901306059, 168.8240599733622, 296.19321963406867, 106.35394687161748, 103.73312883175613, 131.38599721273508, 66.15949451144319, 50.71713209731586, 95.68805210375491, 76.30568500449417, 48.223809889897595, 36.31256647202991, 37.6500362976475, 24.484810347601133, 56.06122165796648, 45.836792470552226, 27.106274740104343, 52.03351259758795, 35.774573452237846, 38.39864259085205, 25.75371151957783, 42.04936504916356, 27.50089338060524, 39.68685045742295, 37.93821109550307, 7.085645526227851, 26.578967040070726, 32.67627119827446, 11.829321004410152, 12.468286511465259, 31.00688998817209, 3.816066584617208, 3.091935381028283, 15.140749985725094, 19.705799030042748, 21.836129786303776, 28.05202390842947, 27.401806759156838, 26.711503399893648, 2.602792152369752, 27.40533211719169, 23.436269348097937, 8.224186552229114, 17.755820936855983, 5.401736763131358, 12.985674272664875, 24.812879123294255, 22.849026637404613, 10.350990860145176, 14.435929084238113, 4.405099625823653, 14.632202768538113, 11.11531729147342, 14.969524758803281, 20.088104370727176, 15.155768461582284, 18.74865529244906, 15.555517422701739, 16.04561762420347, 11.635032767550472, 10.808915028471494, 16.487762304352913, 24.778644181493643, 9.733376652529996, 3.176797084800585, 13.431706434200699, 14.540080254223879, 7.87596202413945]

landmark_13:
Frequency (Hz): [0.0, 0.006756756756756757, 0.013513513513513514, 0.02027027027027027, 0.02702702702702703, 0.033783783783783786, 0.04054054054054054, 0.0472972972972973, 0.05405405405405406, 0.060810810810810814, 0.06756756756756757, 0.07432432432432433, 0.08108108108108109, 0.08783783783783784, 0.0945945945945946, 0.10135135135135136, 0.10810810810810811, 0.11486486486486487, 0.12162162162162163, 0.1283783783783784, 0.13513513513513514, 0.14189189189189189, 0.14864864864864866, 0.15540540540540543, 0.16216216216216217, 0.16891891891891891, 0.17567567567567569, 0.18243243243243246, 0.1891891891891892, 0.19594594594594594, 0.20270270270270271, 0.20945945945945948, 0.21621621621621623, 0.22297297297297297, 0.22972972972972974, 0.2364864864864865, 0.24324324324324326, 0.25, 0.2567567567567568, 0.26351351351351354, 0.2702702702702703, 0.27702702702702703, 0.28378378378378377, 0.29054054054054057, 0.2972972972972973, 0.30405405405405406, 0.31081081081081086, 0.3175675675675676, 0.32432432432432434, 0.3310810810810811, 0.33783783783783783, 0.3445945945945946, 0.35135135135135137, 0.3581081081081081, 0.3648648648648649, 0.37162162162162166, 0.3783783783783784, 0.38513513513513514, 0.3918918918918919, 0.3986486486486487, 0.40540540540540543, 0.41216216216216217, 0.41891891891891897, 0.4256756756756757, 0.43243243243243246, 0.4391891891891892, 0.44594594594594594, 0.45270270270270274, 0.4594594594594595, 0.46621621621621623, 0.472972972972973, 0.47972972972972977, 0.4864864864864865, 0.49324324324324326]
Amplitude: [82611.53224326913, 1887.896669636566, 5091.889677579751, 399.9109735319595, 1245.2045998153617, 209.90547000495033, 317.507705905459, 850.6338473833243, 343.4734413085069, 331.22062392518353, 471.78842967188626, 436.8611730719271, 212.39899260645865, 233.81640618986273, 184.45036727127297, 155.32392841810537, 86.06756592707195, 71.61859595220177, 54.887575746642035, 181.27621892935144, 177.09597486068347, 177.82209526289046, 137.08207410161617, 159.0279523036497, 47.312598913315796, 50.933538258218796, 23.528105546882177, 93.88779035314512, 63.405998552466315, 94.35585311015063, 50.570107682163304, 79.27973425063445, 69.81643550139209, 56.93153589329386, 42.658119153983904, 36.110080175429175, 52.21569844009255, 52.58303586887954, 44.87865298661747, 24.61091780397384, 34.83080197169907, 35.296735777587635, 75.07508409478427, 67.0503537424368, 93.14010633625023, 70.8232710121484, 65.95754076697038, 27.17642732992005, 12.42637331541718, 29.777943945290968, 25.23887663829917, 70.74184642739822, 53.101052820998994, 50.9217001316688, 45.224595515755475, 58.31116924464627, 26.84345220077846, 12.359321351149395, 40.629487655704956, 43.889219675907995, 51.35711801199793, 57.68797487024512, 54.81394265568288, 38.77400940204957, 29.147009100631983, 20.399097682020887, 37.509469848165786, 36.67138632748227, 48.975528951704284, 43.436742375248535, 68.11543936086564, 49.68435945687477, 35.1218208904465, 22.86664676882182]

landmark_14:
Frequency (Hz): [0.0, 0.006756756756756757, 0.013513513513513514, 0.02027027027027027, 0.02702702702702703, 0.033783783783783786, 0.04054054054054054, 0.0472972972972973, 0.05405405405405406, 0.060810810810810814, 0.06756756756756757, 0.07432432432432433, 0.08108108108108109, 0.08783783783783784, 0.0945945945945946, 0.10135135135135136, 0.10810810810810811, 0.11486486486486487, 0.12162162162162163, 0.1283783783783784, 0.13513513513513514, 0.14189189189189189, 0.14864864864864866, 0.15540540540540543, 0.16216216216216217, 0.16891891891891891, 0.17567567567567569, 0.18243243243243246, 0.1891891891891892, 0.19594594594594594, 0.20270270270270271, 0.20945945945945948, 0.21621621621621623, 0.22297297297297297, 0.22972972972972974, 0.2364864864864865, 0.24324324324324326, 0.25, 0.2567567567567568, 0.26351351351351354, 0.2702702702702703, 0.27702702702702703, 0.28378378378378377, 0.29054054054054057, 0.2972972972972973, 0.30405405405405406, 0.31081081081081086, 0.3175675675675676, 0.32432432432432434, 0.3310810810810811, 0.33783783783783783, 0.3445945945945946, 0.35135135135135137, 0.3581081081081081, 0.3648648648648649, 0.37162162162162166, 0.3783783783783784, 0.38513513513513514, 0.3918918918918919, 0.3986486486486487, 0.40540540540540543, 0.41216216216216217, 0.41891891891891897, 0.4256756756756757, 0.43243243243243246, 0.4391891891891892, 0.44594594594594594, 0.45270270270270274, 0.4594594594594595, 0.46621621621621623, 0.472972972972973, 0.47972972972972977, 0.4864864864864865, 0.49324324324324326]
Amplitude: [76746.05041104669, 1730.3353057583138, 2229.552457392059, 1718.3639060116682, 1561.3451631533837, 1750.5558818656225, 1156.1576458052157, 454.56936843802396, 360.4048063511856, 533.600034124965, 262.27150740639394, 181.0314366246735, 384.1661771015719, 143.76068376811926, 188.7359321416972, 175.3251035811546, 271.8088063133055, 134.43507527590938, 186.55100625399731, 263.35649473259855, 121.05889290530997, 71.80148012737182, 141.4688576297383, 144.88420594940266, 35.91874874573416, 58.64901998701585, 77.4856826495222, 81.54319957014323, 128.87087796567215, 100.22615034790225, 5.224506365322054, 67.4631988547899, 86.31034498582582, 23.64210314543521, 42.197001126619554, 24.594498090763594, 19.092613053366062, 69.60101183162668, 90.37711560709302, 71.90197827624745, 56.87331059861773, 53.64779371630542, 19.850223690888587, 39.20762348626064, 26.65321879446712, 51.01809704927795, 65.72679944031731, 39.91867940454831, 71.21614060092405, 54.05716867986562, 21.229186779082642, 6.84309182589003, 36.51848174741194, 45.399881104898185, 70.83734959536534, 64.12451877926883, 64.86309838055412, 75.92750214096982, 74.3590865483786, 42.87924736317365, 60.8447833084583, 15.368798251706753, 29.47216006606606, 44.016046931722805, 65.18846361617884, 75.38831455032596, 47.90723179948217, 58.181393423314496, 66.03916967978024, 62.001998432983214, 36.56723823741935, 30.842254832594943, 16.588455063767697, 51.850055822113134]

landmark_15:
Frequency (Hz): [0.0, 0.006756756756756757, 0.013513513513513514, 0.02027027027027027, 0.02702702702702703, 0.033783783783783786, 0.04054054054054054, 0.0472972972972973, 0.05405405405405406, 0.060810810810810814, 0.06756756756756757, 0.07432432432432433, 0.08108108108108109, 0.08783783783783784, 0.0945945945945946, 0.10135135135135136, 0.10810810810810811, 0.11486486486486487, 0.12162162162162163, 0.1283783783783784, 0.13513513513513514, 0.14189189189189189, 0.14864864864864866, 0.15540540540540543, 0.16216216216216217, 0.16891891891891891, 0.17567567567567569, 0.18243243243243246, 0.1891891891891892, 0.19594594594594594, 0.20270270270270271, 0.20945945945945948, 0.21621621621621623, 0.22297297297297297, 0.22972972972972974, 0.2364864864864865, 0.24324324324324326, 0.25, 0.2567567567567568, 0.26351351351351354, 0.2702702702702703, 0.27702702702702703, 0.28378378378378377, 0.29054054054054057, 0.2972972972972973, 0.30405405405405406, 0.31081081081081086, 0.3175675675675676, 0.32432432432432434, 0.3310810810810811, 0.33783783783783783, 0.3445945945945946, 0.35135135135135137, 0.3581081081081081, 0.3648648648648649, 0.37162162162162166, 0.3783783783783784, 0.38513513513513514, 0.3918918918918919, 0.3986486486486487, 0.40540540540540543, 0.41216216216216217, 0.41891891891891897, 0.4256756756756757, 0.43243243243243246, 0.4391891891891892, 0.44594594594594594, 0.45270270270270274, 0.4594594594594595, 0.46621621621621623, 0.472972972972973, 0.47972972972972977, 0.4864864864864865, 0.49324324324324326]
Amplitude: [88272.70557650404, 1923.2626211725653, 10204.508996801773, 1205.0873019985593, 2012.0140623610828, 1297.968924714283, 982.7306775125618, 1451.6272418509766, 201.4197840130271, 1106.1732834498728, 957.7648150863039, 1171.4766182998296, 533.3542489337972, 578.6479353638914, 382.25631688337234, 387.1306073635897, 377.2792888669567, 258.32490687089347, 164.82536661948913, 347.9838419741586, 212.29053977162488, 305.3581828423444, 202.1893422469854, 353.31703646842243, 43.415361835194396, 150.41457874545165, 81.56703816433179, 186.85636163286054, 122.72999431264822, 97.85349025995666, 33.420438677794316, 126.83062499947127, 85.0029810657241, 107.94288411391193, 36.19721453920323, 90.1341426098364, 78.46375575181281, 126.83479120038122, 47.323156115270756, 100.77366282520472, 10.784095593681009, 44.8329998863229, 112.91969947718027, 49.937678999059855, 122.2519653949439, 111.04961734823064, 143.05200034104163, 38.57696328155264, 31.17546491503375, 16.366076090008033, 47.03620386640633, 154.35650803375933, 121.40949867243982, 78.82289017878513, 29.949019430075758, 174.79787857768252, 71.64729377246653, 52.428048887298296, 99.2314465441745, 49.66368843005449, 77.6087507325472, 108.81619735083197, 118.19598248587214, 49.35316346985305, 39.58498264719084, 54.52946321594078, 62.67549339104215, 63.638443471351785, 81.07456460494964, 71.59328978527832, 96.52874953142747, 91.51098573578776, 72.24587559590384, 47.11125277751469]

landmark_16:
Frequency (Hz): [0.0, 0.006756756756756757, 0.013513513513513514, 0.02027027027027027, 0.02702702702702703, 0.033783783783783786, 0.04054054054054054, 0.0472972972972973, 0.05405405405405406, 0.060810810810810814, 0.06756756756756757, 0.07432432432432433, 0.08108108108108109, 0.08783783783783784, 0.0945945945945946, 0.10135135135135136, 0.10810810810810811, 0.11486486486486487, 0.12162162162162163, 0.1283783783783784, 0.13513513513513514, 0.14189189189189189, 0.14864864864864866, 0.15540540540540543, 0.16216216216216217, 0.16891891891891891, 0.17567567567567569, 0.18243243243243246, 0.1891891891891892, 0.19594594594594594, 0.20270270270270271, 0.20945945945945948, 0.21621621621621623, 0.22297297297297297, 0.22972972972972974, 0.2364864864864865, 0.24324324324324326, 0.25, 0.2567567567567568, 0.26351351351351354, 0.2702702702702703, 0.27702702702702703, 0.28378378378378377, 0.29054054054054057, 0.2972972972972973, 0.30405405405405406, 0.31081081081081086, 0.3175675675675676, 0.32432432432432434, 0.3310810810810811, 0.33783783783783783, 0.3445945945945946, 0.35135135135135137, 0.3581081081081081, 0.3648648648648649, 0.37162162162162166, 0.3783783783783784, 0.38513513513513514, 0.3918918918918919, 0.3986486486486487, 0.40540540540540543, 0.41216216216216217, 0.41891891891891897, 0.4256756756756757, 0.43243243243243246, 0.4391891891891892, 0.44594594594594594, 0.45270270270270274, 0.4594594594594595, 0.46621621621621623, 0.472972972972973, 0.47972972972972977, 0.4864864864864865, 0.49324324324324326]
Amplitude: [86536.33686103618, 3395.3030528222844, 5297.679095477289, 2946.810157985389, 3775.179568503809, 4168.497278829106, 3576.4998683659637, 607.290412438837, 812.9192205739198, 978.6534449671608, 1208.8009971881766, 739.7792557955088, 860.3893311073348, 270.62024615327334, 558.7255077239842, 620.7775004253109, 849.323585374364, 340.49641664979066, 346.7375643610834, 652.1255804018451, 568.2668166890501, 331.4921315957185, 240.56955493048798, 324.06975519247493, 32.35211852789747, 96.85005422522909, 102.33305457827596, 149.54525361797374, 357.5004698550414, 347.5657942437597, 187.22549169969926, 244.43849120585648, 333.0912402072212, 215.35492099048525, 145.96946967968364, 40.217410856357965, 173.34856244724844, 91.18670086495767, 231.89265257539884, 223.61873905489514, 163.70334939797385, 96.26313733513007, 128.85398298000658, 151.68432039858692, 152.8317692822954, 182.65142272441653, 162.62308814629245, 149.85247042776982, 238.23461011188257, 138.95751010220974, 41.932057785989365, 60.226271744296895, 157.6671977212879, 63.792904131818204, 215.16599130975814, 232.33022810538128, 212.8169646243159, 211.96659778509797, 276.0087234111446, 154.18399998663415, 124.48624666036865, 137.2931863303031, 123.85347883526265, 111.81395290004781, 154.29596184721336, 134.93130877069765, 96.61572932623666, 185.3721723121854, 238.18632504451537, 191.23617268370865, 182.6570052606769, 119.75381945922845, 131.00393268354017, 115.3609991841063]

landmark_17:
Frequency (Hz): [0.0, 0.006756756756756757, 0.013513513513513514, 0.02027027027027027, 0.02702702702702703, 0.033783783783783786, 0.04054054054054054, 0.0472972972972973, 0.05405405405405406, 0.060810810810810814, 0.06756756756756757, 0.07432432432432433, 0.08108108108108109, 0.08783783783783784, 0.0945945945945946, 0.10135135135135136, 0.10810810810810811, 0.11486486486486487, 0.12162162162162163, 0.1283783783783784, 0.13513513513513514, 0.14189189189189189, 0.14864864864864866, 0.15540540540540543, 0.16216216216216217, 0.16891891891891891, 0.17567567567567569, 0.18243243243243246, 0.1891891891891892, 0.19594594594594594, 0.20270270270270271, 0.20945945945945948, 0.21621621621621623, 0.22297297297297297, 0.22972972972972974, 0.2364864864864865, 0.24324324324324326, 0.25, 0.2567567567567568, 0.26351351351351354, 0.2702702702702703, 0.27702702702702703, 0.28378378378378377, 0.29054054054054057, 0.2972972972972973, 0.30405405405405406, 0.31081081081081086, 0.3175675675675676, 0.32432432432432434, 0.3310810810810811, 0.33783783783783783, 0.3445945945945946, 0.35135135135135137, 0.3581081081081081, 0.3648648648648649, 0.37162162162162166, 0.3783783783783784, 0.38513513513513514, 0.3918918918918919, 0.3986486486486487, 0.40540540540540543, 0.41216216216216217, 0.41891891891891897, 0.4256756756756757, 0.43243243243243246, 0.4391891891891892, 0.44594594594594594, 0.45270270270270274, 0.4594594594594595, 0.46621621621621623, 0.472972972972973, 0.47972972972972977, 0.4864864864864865, 0.49324324324324326]
Amplitude: [90176.39972106542, 1991.0621179799846, 11467.607065166885, 1524.5725128204529, 1978.4927232814425, 1523.8858084625085, 1118.4384396577009, 1640.457746070077, 173.73113246595977, 1320.67488800261, 1091.9181260071864, 1398.7004813992023, 580.6610822946101, 686.1057075985412, 468.68053153892015, 519.1424599681012, 451.94027860196474, 319.61437838255574, 196.51614178922446, 405.4292586343413, 226.01086012532113, 379.02242614860893, 228.60883164268319, 405.1181615239147, 56.912838795228076, 154.95883389554868, 98.23352317377899, 209.313701643146, 127.7558879316893, 115.11420093554997, 52.32761810060858, 144.06533605390396, 83.7334546642125, 101.12905397464618, 59.43354800177617, 84.04794839745931, 104.14378831191301, 164.9292492391145, 58.71761109076809, 131.87302046591995, 7.338781664132851, 51.173752219777356, 138.2723292826764, 66.9856976985083, 149.20132832788138, 143.535829041754, 160.93929232416335, 29.67037867339917, 59.24529183265332, 17.960034860678377, 63.19476668253095, 192.99349621419367, 143.98071124492068, 83.471281345621, 38.493843811189485, 204.39859497132585, 79.47503449385425, 58.91971892735968, 124.13462379739991, 58.92938048430632, 86.58935658133367, 127.75215342221756, 129.02367182368326, 42.531988320487855, 39.957779963621384, 64.86527298703673, 80.44769882702258, 79.61228513658952, 86.51130568627708, 62.13369646098621, 101.29157591545938, 93.11741622549198, 70.83920286509367, 57.76563442733667]

landmark_18:
Frequency (Hz): [0.0, 0.006756756756756757, 0.013513513513513514, 0.02027027027027027, 0.02702702702702703, 0.033783783783783786, 0.04054054054054054, 0.0472972972972973, 0.05405405405405406, 0.060810810810810814, 0.06756756756756757, 0.07432432432432433, 0.08108108108108109, 0.08783783783783784, 0.0945945945945946, 0.10135135135135136, 0.10810810810810811, 0.11486486486486487, 0.12162162162162163, 0.1283783783783784, 0.13513513513513514, 0.14189189189189189, 0.14864864864864866, 0.15540540540540543, 0.16216216216216217, 0.16891891891891891, 0.17567567567567569, 0.18243243243243246, 0.1891891891891892, 0.19594594594594594, 0.20270270270270271, 0.20945945945945948, 0.21621621621621623, 0.22297297297297297, 0.22972972972972974, 0.2364864864864865, 0.24324324324324326, 0.25, 0.2567567567567568, 0.26351351351351354, 0.2702702702702703, 0.27702702702702703, 0.28378378378378377, 0.29054054054054057, 0.2972972972972973, 0.30405405405405406, 0.31081081081081086, 0.3175675675675676, 0.32432432432432434, 0.3310810810810811, 0.33783783783783783, 0.3445945945945946, 0.35135135135135137, 0.3581081081081081, 0.3648648648648649, 0.37162162162162166, 0.3783783783783784, 0.38513513513513514, 0.3918918918918919, 0.3986486486486487, 0.40540540540540543, 0.41216216216216217, 0.41891891891891897, 0.4256756756756757, 0.43243243243243246, 0.4391891891891892, 0.44594594594594594, 0.45270270270270274, 0.4594594594594595, 0.46621621621621623, 0.472972972972973, 0.47972972972972977, 0.4864864864864865, 0.49324324324324326]
Amplitude: [89538.30953607631, 4042.426145625876, 6356.937862984294, 3277.9308501715723, 4582.230155274682, 4841.3032496972755, 4110.271264929532, 592.6168071222282, 992.306492661073, 1117.0232868586538, 1440.840484525169, 837.5106002230098, 958.8691977436722, 336.5246141296782, 636.0018361557352, 756.8868759650387, 973.9541817243229, 411.19532172151384, 424.94273018246287, 729.0068137511347, 689.0877688669927, 409.418546560506, 270.16387434583055, 369.43858194831125, 32.96234261797933, 123.63548228607914, 110.90633963663868, 165.73917173476286, 416.879517211549, 427.05295925494516, 245.10572640005788, 323.34700894856394, 411.804475934072, 277.7994144868202, 176.8270852631178, 53.28084280068172, 206.19724689235412, 105.56120983605676, 268.79144576966416, 268.2540467376344, 210.0546833994423, 119.71876754248619, 154.47673384218817, 189.98450260780962, 192.30897378748807, 224.76634242652977, 202.32410400551356, 193.37304201785432, 294.03177551260956, 168.27207130769312, 45.539907269967536, 73.04967712108476, 180.7429752245948, 66.33436501847451, 259.43977919473707, 278.2371328753955, 264.9760971505624, 251.87238679216497, 332.0664153658913, 192.4597441576722, 135.72721661119937, 175.2742509137198, 162.72620879329685, 126.11826129864727, 182.60189429639084, 158.65288571361754, 111.55834428002309, 213.77949578955776, 284.13161947103305, 237.32570150867133, 230.56091882558172, 145.5065940112533, 157.01701302936522, 139.61799742048316]

landmark_19:
Frequency (Hz): [0.0, 0.006756756756756757, 0.013513513513513514, 0.02027027027027027, 0.02702702702702703, 0.033783783783783786, 0.04054054054054054, 0.0472972972972973, 0.05405405405405406, 0.060810810810810814, 0.06756756756756757, 0.07432432432432433, 0.08108108108108109, 0.08783783783783784, 0.0945945945945946, 0.10135135135135136, 0.10810810810810811, 0.11486486486486487, 0.12162162162162163, 0.1283783783783784, 0.13513513513513514, 0.14189189189189189, 0.14864864864864866, 0.15540540540540543, 0.16216216216216217, 0.16891891891891891, 0.17567567567567569, 0.18243243243243246, 0.1891891891891892, 0.19594594594594594, 0.20270270270270271, 0.20945945945945948, 0.21621621621621623, 0.22297297297297297, 0.22972972972972974, 0.2364864864864865, 0.24324324324324326, 0.25, 0.2567567567567568, 0.26351351351351354, 0.2702702702702703, 0.27702702702702703, 0.28378378378378377, 0.29054054054054057, 0.2972972972972973, 0.30405405405405406, 0.31081081081081086, 0.3175675675675676, 0.32432432432432434, 0.3310810810810811, 0.33783783783783783, 0.3445945945945946, 0.35135135135135137, 0.3581081081081081, 0.3648648648648649, 0.37162162162162166, 0.3783783783783784, 0.38513513513513514, 0.3918918918918919, 0.3986486486486487, 0.40540540540540543, 0.41216216216216217, 0.41891891891891897, 0.4256756756756757, 0.43243243243243246, 0.4391891891891892, 0.44594594594594594, 0.45270270270270274, 0.4594594594594595, 0.46621621621621623, 0.472972972972973, 0.47972972972972977, 0.4864864864864865, 0.49324324324324326]
Amplitude: [90956.63596623717, 2171.606201592844, 11428.18615178698, 1423.7847878096306, 1886.7728580211963, 1354.7373882100987, 1255.1139212105547, 1589.0918049229394, 136.89544390912138, 1364.000440001456, 1082.243649042037, 1398.2167365968298, 570.7491918816717, 750.1592470284788, 505.55676189242183, 515.4480688337832, 487.93053622369183, 316.48090091217205, 194.8971270942, 423.65130603599147, 221.405154574999, 408.0772628941727, 248.58890154746567, 379.33773768271743, 28.70868976543874, 137.04883744149106, 120.89766215866507, 248.93333798110098, 147.72065413284653, 127.4584452951968, 76.79491858665558, 127.94739238497093, 64.272669689507, 95.58575043121738, 91.42579099814739, 90.49882650561942, 140.0199749493375, 173.2225876863728, 47.00957981408466, 129.29296101399987, 23.230857858488385, 71.40405122605654, 153.53019997508315, 98.45947268165806, 151.46174435031062, 154.8107464613761, 157.24203520085584, 16.40965744218633, 67.24291511900715, 9.685474993114475, 86.19342763233578, 208.0280262789417, 141.26166370785876, 95.54021813085207, 30.891774244415195, 202.13129493362825, 67.12053226333039, 48.79843234172059, 130.99213679714558, 54.89924916986578, 78.05155331517241, 125.94301816623617, 123.37701435304426, 23.157563306164192, 51.32593238316174, 59.300960135764726, 92.75983218906687, 91.69867545741681, 74.6358597717043, 59.09830829246952, 93.38501477972613, 71.99716023285009, 60.50210573635303, 64.67810819038115]

landmark_20:
Frequency (Hz): [0.0, 0.006756756756756757, 0.013513513513513514, 0.02027027027027027, 0.02702702702702703, 0.033783783783783786, 0.04054054054054054, 0.0472972972972973, 0.05405405405405406, 0.060810810810810814, 0.06756756756756757, 0.07432432432432433, 0.08108108108108109, 0.08783783783783784, 0.0945945945945946, 0.10135135135135136, 0.10810810810810811, 0.11486486486486487, 0.12162162162162163, 0.1283783783783784, 0.13513513513513514, 0.14189189189189189, 0.14864864864864866, 0.15540540540540543, 0.16216216216216217, 0.16891891891891891, 0.17567567567567569, 0.18243243243243246, 0.1891891891891892, 0.19594594594594594, 0.20270270270270271, 0.20945945945945948, 0.21621621621621623, 0.22297297297297297, 0.22972972972972974, 0.2364864864864865, 0.24324324324324326, 0.25, 0.2567567567567568, 0.26351351351351354, 0.2702702702702703, 0.27702702702702703, 0.28378378378378377, 0.29054054054054057, 0.2972972972972973, 0.30405405405405406, 0.31081081081081086, 0.3175675675675676, 0.32432432432432434, 0.3310810810810811, 0.33783783783783783, 0.3445945945945946, 0.35135135135135137, 0.3581081081081081, 0.3648648648648649, 0.37162162162162166, 0.3783783783783784, 0.38513513513513514, 0.3918918918918919, 0.3986486486486487, 0.40540540540540543, 0.41216216216216217, 0.41891891891891897, 0.4256756756756757, 0.43243243243243246, 0.4391891891891892, 0.44594594594594594, 0.45270270270270274, 0.4594594594594595, 0.46621621621621623, 0.472972972972973, 0.47972972972972977, 0.4864864864864865, 0.49324324324324326]
Amplitude: [90394.73564368076, 3887.847707190146, 5966.695328341149, 2967.295569971695, 4450.497344533419, 4539.905339312904, 3965.076677398963, 430.21976198497265, 1029.1506991493127, 1082.8011589984458, 1497.2592722964976, 818.4969369747706, 926.2116025764154, 334.9818941263133, 672.6790127670673, 766.4971245586333, 970.3768320088102, 452.05464779284506, 424.1874835333784, 703.9864071022452, 691.9521520272648, 400.05062938987237, 236.41926925972194, 332.6869955326829, 48.43327562226791, 111.72383730174197, 80.45221345712933, 160.57356494746332, 411.86965276284917, 423.5276913465466, 257.7526288120692, 345.11061884416245, 453.36540508086784, 308.04882441723487, 183.21788411920124, 77.41334659211272, 228.3246470897498, 77.66011828407426, 251.02857478599358, 238.4661296270128, 196.69258001298635, 133.9180529612408, 154.39116600288892, 178.45639511207926, 211.35875225788928, 240.0452326696385, 210.4963397788149, 185.32021130758093, 292.3803659918977, 165.83633527111195, 40.44476936126641, 68.59180658136448, 161.1784900445732, 49.75757250598647, 249.0868129376627, 288.83471326147094, 259.65375931223565, 244.59581156830208, 352.63642418772525, 206.55580779299774, 116.91793881825159, 163.37563619520768, 170.54476439484836, 109.96991217092013, 170.22348803050087, 140.60154409310576, 96.79491170775331, 200.22215687064727, 257.1823626352521, 214.93683244626345, 215.631730845797, 157.47569237701194, 164.08443085526335, 150.1351179614984]

landmark_21:
Frequency (Hz): [0.0, 0.006756756756756757, 0.013513513513513514, 0.02027027027027027, 0.02702702702702703, 0.033783783783783786, 0.04054054054054054, 0.0472972972972973, 0.05405405405405406, 0.060810810810810814, 0.06756756756756757, 0.07432432432432433, 0.08108108108108109, 0.08783783783783784, 0.0945945945945946, 0.10135135135135136, 0.10810810810810811, 0.11486486486486487, 0.12162162162162163, 0.1283783783783784, 0.13513513513513514, 0.14189189189189189, 0.14864864864864866, 0.15540540540540543, 0.16216216216216217, 0.16891891891891891, 0.17567567567567569, 0.18243243243243246, 0.1891891891891892, 0.19594594594594594, 0.20270270270270271, 0.20945945945945948, 0.21621621621621623, 0.22297297297297297, 0.22972972972972974, 0.2364864864864865, 0.24324324324324326, 0.25, 0.2567567567567568, 0.26351351351351354, 0.2702702702702703, 0.27702702702702703, 0.28378378378378377, 0.29054054054054057, 0.2972972972972973, 0.30405405405405406, 0.31081081081081086, 0.3175675675675676, 0.32432432432432434, 0.3310810810810811, 0.33783783783783783, 0.3445945945945946, 0.35135135135135137, 0.3581081081081081, 0.3648648648648649, 0.37162162162162166, 0.3783783783783784, 0.38513513513513514, 0.3918918918918919, 0.3986486486486487, 0.40540540540540543, 0.41216216216216217, 0.41891891891891897, 0.4256756756756757, 0.43243243243243246, 0.4391891891891892, 0.44594594594594594, 0.45270270270270274, 0.4594594594594595, 0.46621621621621623, 0.472972972972973, 0.47972972972972977, 0.4864864864864865, 0.49324324324324326]
Amplitude: [88564.89573984969, 2122.104348161004, 10876.73298767234, 1142.6030610588025, 1799.4116284297563, 1251.1870874529288, 1002.0378505145082, 1386.8428064505176, 104.32639428150793, 1148.4958604807719, 986.6134474142609, 1239.8404083201685, 517.5614830761889, 616.2466761820795, 407.9798480663948, 407.26116673863623, 411.0089145323546, 260.4725169514624, 175.39401194462923, 388.2729544639904, 222.23313906223865, 362.0912404413284, 222.5046568799247, 346.17723399653335, 42.39175181598192, 131.35949036410628, 99.496503807092, 200.8650038090183, 141.19554950791832, 122.04677013807648, 54.20411922203169, 123.93598682629835, 79.78233833859889, 90.76658300147659, 68.40566333657326, 74.28151493381753, 114.85088248648617, 153.51996362255053, 53.323515991144426, 119.87781491406851, 10.039209330978814, 51.208424088435535, 135.85272173172945, 76.55085316727921, 141.35783721690117, 136.738555130258, 142.66232929784297, 17.37956516401698, 46.51894227002201, 4.15979324376576, 64.61410268400482, 178.16647639891687, 124.86994227444332, 85.68096262612049, 25.85166497655396, 176.88884221904502, 64.26955216889651, 49.58685203808279, 108.1462719809513, 41.55615953266552, 80.68033913195501, 115.02276651615978, 115.04358813669347, 34.590901305583635, 39.396464599062426, 45.26456818538733, 74.4851942974457, 76.75450128118088, 73.91525138490672, 63.22691951341236, 91.93986912451975, 79.79437452377493, 62.839952074036006, 51.86432282891491]

landmark_22:
Frequency (Hz): [0.0, 0.006756756756756757, 0.013513513513513514, 0.02027027027027027, 0.02702702702702703, 0.033783783783783786, 0.04054054054054054, 0.0472972972972973, 0.05405405405405406, 0.060810810810810814, 0.06756756756756757, 0.07432432432432433, 0.08108108108108109, 0.08783783783783784, 0.0945945945945946, 0.10135135135135136, 0.10810810810810811, 0.11486486486486487, 0.12162162162162163, 0.1283783783783784, 0.13513513513513514, 0.14189189189189189, 0.14864864864864866, 0.15540540540540543, 0.16216216216216217, 0.16891891891891891, 0.17567567567567569, 0.18243243243243246, 0.1891891891891892, 0.19594594594594594, 0.20270270270270271, 0.20945945945945948, 0.21621621621621623, 0.22297297297297297, 0.22972972972972974, 0.2364864864864865, 0.24324324324324326, 0.25, 0.2567567567567568, 0.26351351351351354, 0.2702702702702703, 0.27702702702702703, 0.28378378378378377, 0.29054054054054057, 0.2972972972972973, 0.30405405405405406, 0.31081081081081086, 0.3175675675675676, 0.32432432432432434, 0.3310810810810811, 0.33783783783783783, 0.3445945945945946, 0.35135135135135137, 0.3581081081081081, 0.3648648648648649, 0.37162162162162166, 0.3783783783783784, 0.38513513513513514, 0.3918918918918919, 0.3986486486486487, 0.40540540540540543, 0.41216216216216217, 0.41891891891891897, 0.4256756756756757, 0.43243243243243246, 0.4391891891891892, 0.44594594594594594, 0.45270270270270274, 0.4594594594594595, 0.46621621621621623, 0.472972972972973, 0.47972972972972977, 0.4864864864864865, 0.49324324324324326]
Amplitude: [87498.46762564966, 3563.5840764457125, 5579.528470051934, 2969.9584901701323, 4122.858070554445, 4411.978054784307, 3697.6317805129565, 515.423537199418, 932.8688937270716, 1009.2569891712046, 1299.3893001546583, 729.9367060793688, 840.0690411274809, 302.29177538399927, 597.1065784044353, 667.1913468708095, 880.800923544417, 406.00774952149754, 376.8208372965656, 653.1120529904614, 609.51621928169, 366.27914109542127, 240.87062060405748, 336.9711912144734, 44.11350756393513, 99.4239387056493, 96.557330657073, 156.75720645019092, 362.99234843289764, 374.07025471244566, 218.23907004001487, 296.5432673729611, 381.0849032592524, 256.17187905729526, 169.78564828800242, 57.87937975205347, 179.2416692092912, 88.0076998981948, 246.94366649325008, 236.01278982464802, 176.7205597875598, 120.52794517012758, 135.07272702202323, 162.8233116065146, 178.5161924022658, 210.5970685054995, 176.18851661173494, 168.20128411720216, 253.42668759623933, 149.30924249313588, 46.127767010353246, 74.32993326662117, 160.56441241119037, 65.46481415618233, 228.9381224163435, 258.8825290350488, 238.78006452509905, 227.76091169630308, 304.9639507191782, 175.36542872566739, 112.20904526177671, 148.39258951516118, 141.03055146033165, 113.7351526894125, 161.8415048430775, 140.40096977667451, 100.4548505990763, 193.04463504854974, 245.6426651212999, 204.14891718087642, 197.7662740835297, 141.50631354238078, 147.90589691062328, 126.1785194190179]

landmark_23:
Frequency (Hz): [0.0, 0.006756756756756757, 0.013513513513513514, 0.02027027027027027, 0.02702702702702703, 0.033783783783783786, 0.04054054054054054, 0.0472972972972973, 0.05405405405405406, 0.060810810810810814, 0.06756756756756757, 0.07432432432432433, 0.08108108108108109, 0.08783783783783784, 0.0945945945945946, 0.10135135135135136, 0.10810810810810811, 0.11486486486486487, 0.12162162162162163, 0.1283783783783784, 0.13513513513513514, 0.14189189189189189, 0.14864864864864866, 0.15540540540540543, 0.16216216216216217, 0.16891891891891891, 0.17567567567567569, 0.18243243243243246, 0.1891891891891892, 0.19594594594594594, 0.20270270270270271, 0.20945945945945948, 0.21621621621621623, 0.22297297297297297, 0.22972972972972974, 0.2364864864864865, 0.24324324324324326, 0.25, 0.2567567567567568, 0.26351351351351354, 0.2702702702702703, 0.27702702702702703, 0.28378378378378377, 0.29054054054054057, 0.2972972972972973, 0.30405405405405406, 0.31081081081081086, 0.3175675675675676, 0.32432432432432434, 0.3310810810810811, 0.33783783783783783, 0.3445945945945946, 0.35135135135135137, 0.3581081081081081, 0.3648648648648649, 0.37162162162162166, 0.3783783783783784, 0.38513513513513514, 0.3918918918918919, 0.3986486486486487, 0.40540540540540543, 0.41216216216216217, 0.41891891891891897, 0.4256756756756757, 0.43243243243243246, 0.4391891891891892, 0.44594594594594594, 0.45270270270270274, 0.4594594594594595, 0.46621621621621623, 0.472972972972973, 0.47972972972972977, 0.4864864864864865, 0.49324324324324326]
Amplitude: [68062.21665315382, 902.596827217984, 1303.7701186672193, 638.288305132028, 69.15187591978508, 218.97369238195506, 83.66006745815443, 267.9785811933644, 184.83443732494425, 78.21977144958069, 119.06579852529335, 63.91770428560864, 64.71859686227555, 55.60715698565341, 47.293900569056056, 42.58256547460562, 54.51963942228715, 30.165502886494952, 40.80802310551192, 46.36726751603117, 34.43959087303794, 23.18677169579495, 32.10435572683717, 39.02956232779733, 4.146023013391729, 33.63349689091079, 35.332838181294015, 24.096480851358145, 28.374593297139114, 19.494382443766835, 22.273443266961102, 22.499119926575528, 22.716042172636826, 26.359576563945826, 19.458238237818044, 15.994741275870618, 19.071814509771624, 24.245957619221976, 18.677949088322446, 18.23764409794869, 20.863773794956174, 15.068655630486777, 18.74284365816139, 18.69077355264673, 18.033822388785897, 17.046440589123787, 13.909774683715254, 18.64892288487974, 14.758777588293517, 19.165773331461597, 11.996315096299082, 18.289937762795233, 14.765959185850596, 13.971517992919534, 17.120460513997575, 15.540899218177715, 12.166604770542241, 12.909992311821647, 13.689368630911321, 14.255164196100038, 13.343611288834417, 15.660269268460635, 13.67265000114165, 13.39702309089867, 15.377082053499235, 13.046570227082578, 15.886579470088472, 11.25901796410485, 13.864655237891034, 15.202536481066982, 14.327638716046971, 11.917221691103252, 14.059038838825046, 15.55788363010746]

landmark_24:
Frequency (Hz): [0.0, 0.006756756756756757, 0.013513513513513514, 0.02027027027027027, 0.02702702702702703, 0.033783783783783786, 0.04054054054054054, 0.0472972972972973, 0.05405405405405406, 0.060810810810810814, 0.06756756756756757, 0.07432432432432433, 0.08108108108108109, 0.08783783783783784, 0.0945945945945946, 0.10135135135135136, 0.10810810810810811, 0.11486486486486487, 0.12162162162162163, 0.1283783783783784, 0.13513513513513514, 0.14189189189189189, 0.14864864864864866, 0.15540540540540543, 0.16216216216216217, 0.16891891891891891, 0.17567567567567569, 0.18243243243243246, 0.1891891891891892, 0.19594594594594594, 0.20270270270270271, 0.20945945945945948, 0.21621621621621623, 0.22297297297297297, 0.22972972972972974, 0.2364864864864865, 0.24324324324324326, 0.25, 0.2567567567567568, 0.26351351351351354, 0.2702702702702703, 0.27702702702702703, 0.28378378378378377, 0.29054054054054057, 0.2972972972972973, 0.30405405405405406, 0.31081081081081086, 0.3175675675675676, 0.32432432432432434, 0.3310810810810811, 0.33783783783783783, 0.3445945945945946, 0.35135135135135137, 0.3581081081081081, 0.3648648648648649, 0.37162162162162166, 0.3783783783783784, 0.38513513513513514, 0.3918918918918919, 0.3986486486486487, 0.40540540540540543, 0.41216216216216217, 0.41891891891891897, 0.4256756756756757, 0.43243243243243246, 0.4391891891891892, 0.44594594594594594, 0.45270270270270274, 0.4594594594594595, 0.46621621621621623, 0.472972972972973, 0.47972972972972977, 0.4864864864864865, 0.49324324324324326]
Amplitude: [62943.72007804267, 888.0268055314638, 1322.8643229701545, 743.264383571253, 71.18622402796274, 236.74614197803442, 64.5465625387002, 271.54200603998873, 180.38022489247456, 89.84375822336598, 100.44339816082918, 53.03257709398049, 66.4287819959782, 59.88860227378579, 33.40771373500653, 52.49046115007117, 53.37309169493385, 32.673695396394336, 35.9015551008066, 58.38197604387243, 33.66839736493262, 24.2910515109547, 29.53888455398205, 43.40617017000223, 11.802908630462563, 33.266877170716306, 36.09995665175494, 22.533002273667908, 28.999255919941174, 23.537618644680226, 30.291967621129544, 22.84766434229683, 22.242432679831005, 30.88251631165694, 20.169407437672767, 15.824019214670694, 21.321189643883663, 22.870075603249447, 22.900428234968583, 17.81136079397979, 21.295309384165723, 21.267829642533897, 18.97330199493314, 19.619354632239713, 17.86565803019363, 19.88660736807721, 14.694909473425996, 17.862540781971237, 18.7121749922492, 18.75160080395018, 12.860108538069355, 18.344697558984837, 16.289804531933882, 16.461599142046985, 19.963311505082515, 15.060909540855597, 15.413175799651187, 14.44108951072599, 15.13579893184372, 16.711113064586105, 13.605903639888735, 17.389329588252828, 14.178645596676857, 14.612612705413422, 14.59163915271151, 15.297758433613717, 18.59919406144622, 11.020780666010213, 16.365658826544596, 16.4640286303745, 14.452148916988826, 14.501444620065717, 15.845084868847021, 14.529657849446576]

landmark_25:
Frequency (Hz): [0.0, 0.006756756756756757, 0.013513513513513514, 0.02027027027027027, 0.02702702702702703, 0.033783783783783786, 0.04054054054054054, 0.0472972972972973, 0.05405405405405406, 0.060810810810810814, 0.06756756756756757, 0.07432432432432433, 0.08108108108108109, 0.08783783783783784, 0.0945945945945946, 0.10135135135135136, 0.10810810810810811, 0.11486486486486487, 0.12162162162162163, 0.1283783783783784, 0.13513513513513514, 0.14189189189189189, 0.14864864864864866, 0.15540540540540543, 0.16216216216216217, 0.16891891891891891, 0.17567567567567569, 0.18243243243243246, 0.1891891891891892, 0.19594594594594594, 0.20270270270270271, 0.20945945945945948, 0.21621621621621623, 0.22297297297297297, 0.22972972972972974, 0.2364864864864865, 0.24324324324324326, 0.25, 0.2567567567567568, 0.26351351351351354, 0.2702702702702703, 0.27702702702702703, 0.28378378378378377, 0.29054054054054057, 0.2972972972972973, 0.30405405405405406, 0.31081081081081086, 0.3175675675675676, 0.32432432432432434, 0.3310810810810811, 0.33783783783783783, 0.3445945945945946, 0.35135135135135137, 0.3581081081081081, 0.3648648648648649, 0.37162162162162166, 0.3783783783783784, 0.38513513513513514, 0.3918918918918919, 0.3986486486486487, 0.40540540540540543, 0.41216216216216217, 0.41891891891891897, 0.4256756756756757, 0.43243243243243246, 0.4391891891891892, 0.44594594594594594, 0.45270270270270274, 0.4594594594594595, 0.46621621621621623, 0.472972972972973, 0.47972972972972977, 0.4864864864864865, 0.49324324324324326]
Amplitude: [64268.378832779556, 1412.5227026498656, 743.4171518113213, 135.52981705272248, 337.1680196146048, 292.23822345030305, 307.65311884410045, 147.9017239019815, 169.5447573165991, 132.55414092636457, 131.98749698879755, 141.96367235250855, 27.726864316859285, 96.69426686982288, 107.36380690826776, 13.931176759035855, 54.69977062347486, 87.40472574382714, 39.56248446417675, 86.00340036991946, 18.582567483547706, 57.30909108988958, 32.949510182759724, 16.833187200300237, 42.197133802189214, 52.87499942203321, 24.463756266962992, 39.99294659504039, 35.27019296496922, 28.903003423198978, 22.89687202505842, 24.020730262751385, 9.616597080282526, 28.968056709562756, 13.755882864599458, 6.392643334268776, 45.41703166142412, 5.596720076308748, 15.625245364858745, 30.052466543496802, 8.621849645495095, 12.686450809184153, 18.54667878682994, 17.65430949077599, 20.727461324260275, 9.62491124781345, 20.59236681740152, 13.525258970917399, 18.918906961005504, 8.645063809740035, 19.70763978308744, 19.61687115314735, 5.7845202496828225, 10.677054577312513, 25.974982038067516, 10.408872064755526, 10.1825773498179, 17.508550595530423, 16.524151119922404, 7.759361427158428, 15.635429561355641, 17.645430361614327, 16.78234441005059, 5.366079399017424, 6.087879480523823, 12.055899281953838, 6.556532762909503, 12.331806221444467, 14.302305239179937, 10.341876118549601, 5.662066555700982, 17.14217189080803, 10.886779545242195, 15.587831478366251]

landmark_26:
Frequency (Hz): [0.0, 0.006756756756756757, 0.013513513513513514, 0.02027027027027027, 0.02702702702702703, 0.033783783783783786, 0.04054054054054054, 0.0472972972972973, 0.05405405405405406, 0.060810810810810814, 0.06756756756756757, 0.07432432432432433, 0.08108108108108109, 0.08783783783783784, 0.0945945945945946, 0.10135135135135136, 0.10810810810810811, 0.11486486486486487, 0.12162162162162163, 0.1283783783783784, 0.13513513513513514, 0.14189189189189189, 0.14864864864864866, 0.15540540540540543, 0.16216216216216217, 0.16891891891891891, 0.17567567567567569, 0.18243243243243246, 0.1891891891891892, 0.19594594594594594, 0.20270270270270271, 0.20945945945945948, 0.21621621621621623, 0.22297297297297297, 0.22972972972972974, 0.2364864864864865, 0.24324324324324326, 0.25, 0.2567567567567568, 0.26351351351351354, 0.2702702702702703, 0.27702702702702703, 0.28378378378378377, 0.29054054054054057, 0.2972972972972973, 0.30405405405405406, 0.31081081081081086, 0.3175675675675676, 0.32432432432432434, 0.3310810810810811, 0.33783783783783783, 0.3445945945945946, 0.35135135135135137, 0.3581081081081081, 0.3648648648648649, 0.37162162162162166, 0.3783783783783784, 0.38513513513513514, 0.3918918918918919, 0.3986486486486487, 0.40540540540540543, 0.41216216216216217, 0.41891891891891897, 0.4256756756756757, 0.43243243243243246, 0.4391891891891892, 0.44594594594594594, 0.45270270270270274, 0.4594594594594595, 0.46621621621621623, 0.472972972972973, 0.47972972972972977, 0.4864864864864865, 0.49324324324324326]
Amplitude: [53225.74628427576, 603.8471210043048, 1217.1278664223964, 776.7632563447777, 74.85537197108688, 270.95146532324696, 235.4206438079922, 294.3762881484728, 112.95112858273697, 188.2081239949554, 114.2413933491196, 22.77186019154504, 71.16682966642992, 83.69342574313703, 90.11819787547755, 61.52578502813855, 15.894717476995265, 75.51670330184501, 60.57886404308223, 50.76767174311084, 59.54971038495033, 68.4681177303419, 28.550211224149546, 27.66123254321237, 51.998327837635316, 37.14579099411838, 56.16283917529749, 45.719990720786754, 40.96684132550457, 37.3019687380028, 31.32403489123856, 17.005247367072297, 35.38516265921309, 19.10632498643692, 36.678813672835815, 32.33494387086044, 33.680508304359925, 8.313968513564427, 44.27719386929595, 18.42976076228252, 23.483025352949117, 32.519678658514295, 38.008078824855744, 20.5622701664276, 25.1102178287078, 27.1542293305438, 27.479515947392468, 25.89024767386762, 27.164327740382472, 29.625041892264278, 19.89474522898661, 28.542121700780072, 20.9061090600505, 25.507892820466466, 19.48274770354554, 20.043238679527573, 25.713837896577793, 22.423493116395054, 18.126834731519995, 27.108450510531426, 13.748032259733316, 18.60166500261563, 27.199287504791293, 19.217656294645714, 18.212078021945665, 25.700434789155928, 24.27224085542455, 13.751939110742168, 23.679023303300205, 20.703902378704264, 25.61523495799681, 22.788976790157506, 27.492164813587507, 15.12807946063244]

landmark_27:
Frequency (Hz): [0.0, 0.006756756756756757, 0.013513513513513514, 0.02027027027027027, 0.02702702702702703, 0.033783783783783786, 0.04054054054054054, 0.0472972972972973, 0.05405405405405406, 0.060810810810810814, 0.06756756756756757, 0.07432432432432433, 0.08108108108108109, 0.08783783783783784, 0.0945945945945946, 0.10135135135135136, 0.10810810810810811, 0.11486486486486487, 0.12162162162162163, 0.1283783783783784, 0.13513513513513514, 0.14189189189189189, 0.14864864864864866, 0.15540540540540543, 0.16216216216216217, 0.16891891891891891, 0.17567567567567569, 0.18243243243243246, 0.1891891891891892, 0.19594594594594594, 0.20270270270270271, 0.20945945945945948, 0.21621621621621623, 0.22297297297297297, 0.22972972972972974, 0.2364864864864865, 0.24324324324324326, 0.25, 0.2567567567567568, 0.26351351351351354, 0.2702702702702703, 0.27702702702702703, 0.28378378378378377, 0.29054054054054057, 0.2972972972972973, 0.30405405405405406, 0.31081081081081086, 0.3175675675675676, 0.32432432432432434, 0.3310810810810811, 0.33783783783783783, 0.3445945945945946, 0.35135135135135137, 0.3581081081081081, 0.3648648648648649, 0.37162162162162166, 0.3783783783783784, 0.38513513513513514, 0.3918918918918919, 0.3986486486486487, 0.40540540540540543, 0.41216216216216217, 0.41891891891891897, 0.4256756756756757, 0.43243243243243246, 0.4391891891891892, 0.44594594594594594, 0.45270270270270274, 0.4594594594594595, 0.46621621621621623, 0.472972972972973, 0.47972972972972977, 0.4864864864864865, 0.49324324324324326]
Amplitude: [68439.03409664794, 923.9273791047364, 1585.2235438690893, 477.591704714152, 1723.8103332132616, 401.4091192542786, 882.1257222663993, 1343.2677046979786, 363.8213215487025, 373.85308167821415, 572.4370418192242, 360.588902684258, 175.9830608266157, 246.4114450660038, 79.44737982368078, 158.2650563023671, 186.5265522090649, 220.721436136364, 66.81832669262774, 254.6396703336727, 86.44915318870366, 268.4884456888893, 80.1524197623667, 170.6307568158031, 126.00032883870873, 57.36010196976061, 96.76092386367996, 74.76954996644787, 87.25200140244826, 117.87165580018107, 21.008511319661167, 89.2553075920963, 110.39349577291752, 12.329666539718016, 99.95113165898849, 84.69947794651922, 23.870135740790495, 41.43177747051954, 71.80221329157742, 67.52079485477341, 54.586069390884475, 37.2486788525147, 36.158164528670646, 62.26640450706401, 89.36218902969684, 42.719874190037515, 44.25482886777885, 15.30634302276837, 39.00425111775996, 28.593826161455716, 26.678504322944544, 40.599358220310606, 11.172464003733946, 35.886563423814415, 44.279354439889424, 20.487633473067564, 5.282609074159107, 37.33284894896005, 53.420773624626115, 40.21420622180136, 53.51193647048462, 42.70623808837675, 44.20195231292772, 30.69140433719604, 82.40868143234992, 36.23512291456367, 38.890823183117014, 70.68022942749658, 18.5405589687306, 44.78696480625657, 61.23173339474671, 48.462830815210815, 70.98697212049082, 36.58137490927533]

landmark_28:
Frequency (Hz): [0.0, 0.006756756756756757, 0.013513513513513514, 0.02027027027027027, 0.02702702702702703, 0.033783783783783786, 0.04054054054054054, 0.0472972972972973, 0.05405405405405406, 0.060810810810810814, 0.06756756756756757, 0.07432432432432433, 0.08108108108108109, 0.08783783783783784, 0.0945945945945946, 0.10135135135135136, 0.10810810810810811, 0.11486486486486487, 0.12162162162162163, 0.1283783783783784, 0.13513513513513514, 0.14189189189189189, 0.14864864864864866, 0.15540540540540543, 0.16216216216216217, 0.16891891891891891, 0.17567567567567569, 0.18243243243243246, 0.1891891891891892, 0.19594594594594594, 0.20270270270270271, 0.20945945945945948, 0.21621621621621623, 0.22297297297297297, 0.22972972972972974, 0.2364864864864865, 0.24324324324324326, 0.25, 0.2567567567567568, 0.26351351351351354, 0.2702702702702703, 0.27702702702702703, 0.28378378378378377, 0.29054054054054057, 0.2972972972972973, 0.30405405405405406, 0.31081081081081086, 0.3175675675675676, 0.32432432432432434, 0.3310810810810811, 0.33783783783783783, 0.3445945945945946, 0.35135135135135137, 0.3581081081081081, 0.3648648648648649, 0.37162162162162166, 0.3783783783783784, 0.38513513513513514, 0.3918918918918919, 0.3986486486486487, 0.40540540540540543, 0.41216216216216217, 0.41891891891891897, 0.4256756756756757, 0.43243243243243246, 0.4391891891891892, 0.44594594594594594, 0.45270270270270274, 0.4594594594594595, 0.46621621621621623, 0.472972972972973, 0.47972972972972977, 0.4864864864864865, 0.49324324324324326]
Amplitude: [57728.03790902708, 704.9676696076009, 1803.317923983775, 1719.7331408982411, 1080.5422654669935, 1050.9299482531594, 172.65017392124184, 84.93210604053742, 349.8933780686546, 788.9198907927343, 577.0922944793383, 276.8612567877693, 51.25806123090538, 111.14975924333059, 265.0986448382229, 83.27466357685054, 215.89002674481145, 103.91486212099743, 199.06953013775282, 113.01748160682436, 121.14189513033993, 53.53806058119112, 215.2601987122271, 146.46511990206199, 82.27116821681375, 95.62878065244259, 80.56704461119472, 79.75574251450315, 60.48307166838253, 20.607476278062077, 95.58674689536004, 99.60782053494034, 46.07772828181044, 118.58831799020521, 52.07562985511275, 13.077475290425134, 112.25600219447722, 32.984961130636215, 73.81282109914035, 59.556847136255875, 34.27357920013872, 59.6390643913045, 25.64450078882831, 46.41797267271791, 40.93413860730166, 56.55918051976614, 27.54411364559735, 24.069663081394918, 65.84244479016556, 68.81834355144986, 32.01126683715635, 7.63809848047271, 49.270608410919095, 59.100295389658946, 31.979727870739953, 18.372540328598852, 13.058468027134662, 36.82781932046112, 51.53545071564559, 44.79986892922778, 39.692800701101255, 51.48110772458478, 23.24624638899668, 68.61203482081169, 24.58781530582603, 75.26105040428155, 33.5771421383388, 41.71247285411947, 45.760764130117806, 7.2705418530647705, 22.430988964816954, 5.221322193264102, 26.888357904768444, 29.803890969430533]

landmark_29:
Frequency (Hz): [0.0, 0.006756756756756757, 0.013513513513513514, 0.02027027027027027, 0.02702702702702703, 0.033783783783783786, 0.04054054054054054, 0.0472972972972973, 0.05405405405405406, 0.060810810810810814, 0.06756756756756757, 0.07432432432432433, 0.08108108108108109, 0.08783783783783784, 0.0945945945945946, 0.10135135135135136, 0.10810810810810811, 0.11486486486486487, 0.12162162162162163, 0.1283783783783784, 0.13513513513513514, 0.14189189189189189, 0.14864864864864866, 0.15540540540540543, 0.16216216216216217, 0.16891891891891891, 0.17567567567567569, 0.18243243243243246, 0.1891891891891892, 0.19594594594594594, 0.20270270270270271, 0.20945945945945948, 0.21621621621621623, 0.22297297297297297, 0.22972972972972974, 0.2364864864864865, 0.24324324324324326, 0.25, 0.2567567567567568, 0.26351351351351354, 0.2702702702702703, 0.27702702702702703, 0.28378378378378377, 0.29054054054054057, 0.2972972972972973, 0.30405405405405406, 0.31081081081081086, 0.3175675675675676, 0.32432432432432434, 0.3310810810810811, 0.33783783783783783, 0.3445945945945946, 0.35135135135135137, 0.3581081081081081, 0.3648648648648649, 0.37162162162162166, 0.3783783783783784, 0.38513513513513514, 0.3918918918918919, 0.3986486486486487, 0.40540540540540543, 0.41216216216216217, 0.41891891891891897, 0.4256756756756757, 0.43243243243243246, 0.4391891891891892, 0.44594594594594594, 0.45270270270270274, 0.4594594594594595, 0.46621621621621623, 0.472972972972973, 0.47972972972972977, 0.4864864864864865, 0.49324324324324326]
Amplitude: [68579.60300545268, 1033.100662121489, 1635.596114791971, 388.9684147406771, 2041.648529177109, 425.6175871474188, 1124.4592176144704, 1555.867434494071, 407.3968268845269, 405.5570290412543, 626.0626500582451, 412.99873391510675, 145.03260075703193, 260.6081458948332, 94.70629979299687, 161.7375600279671, 190.34594922526182, 252.09918244913973, 65.96542397290362, 278.33852542516087, 113.04279955102054, 326.8880107958924, 93.78089040612922, 206.18399004376587, 157.8689501489977, 43.85147695971395, 109.42565218411022, 57.32174904464406, 78.75262320590025, 134.6230391209221, 27.22524592481381, 77.11976819707081, 126.78100778057428, 11.650913433877992, 92.29675502385044, 77.83305584991564, 25.20662160445103, 25.26930444320723, 64.39863129417758, 70.56066264963255, 60.463043666597116, 39.292918103104626, 23.549885657250325, 67.20678432098343, 111.94514962058324, 58.03841513912485, 51.32381356760393, 9.523530813535956, 50.54338065673457, 21.374313943543964, 23.15655321448108, 55.72229169771832, 20.450281467012722, 38.13422668232761, 56.11134455494448, 12.537034359902789, 13.014850280227424, 32.62107795226396, 49.59290046794809, 60.337083803014814, 62.02003697268857, 34.10505138474691, 54.15721864125555, 37.485808603552634, 88.97973469904684, 29.362785717393052, 50.58865367954699, 73.94234628111833, 12.755825294635885, 45.642936842925415, 61.03174401559633, 58.10782984776308, 80.18406053910432, 53.19935406524864]

landmark_30:
Frequency (Hz): [0.0, 0.006756756756756757, 0.013513513513513514, 0.02027027027027027, 0.02702702702702703, 0.033783783783783786, 0.04054054054054054, 0.0472972972972973, 0.05405405405405406, 0.060810810810810814, 0.06756756756756757, 0.07432432432432433, 0.08108108108108109, 0.08783783783783784, 0.0945945945945946, 0.10135135135135136, 0.10810810810810811, 0.11486486486486487, 0.12162162162162163, 0.1283783783783784, 0.13513513513513514, 0.14189189189189189, 0.14864864864864866, 0.15540540540540543, 0.16216216216216217, 0.16891891891891891, 0.17567567567567569, 0.18243243243243246, 0.1891891891891892, 0.19594594594594594, 0.20270270270270271, 0.20945945945945948, 0.21621621621621623, 0.22297297297297297, 0.22972972972972974, 0.2364864864864865, 0.24324324324324326, 0.25, 0.2567567567567568, 0.26351351351351354, 0.2702702702702703, 0.27702702702702703, 0.28378378378378377, 0.29054054054054057, 0.2972972972972973, 0.30405405405405406, 0.31081081081081086, 0.3175675675675676, 0.32432432432432434, 0.3310810810810811, 0.33783783783783783, 0.3445945945945946, 0.35135135135135137, 0.3581081081081081, 0.3648648648648649, 0.37162162162162166, 0.3783783783783784, 0.38513513513513514, 0.3918918918918919, 0.3986486486486487, 0.40540540540540543, 0.41216216216216217, 0.41891891891891897, 0.4256756756756757, 0.43243243243243246, 0.4391891891891892, 0.44594594594594594, 0.45270270270270274, 0.4594594594594595, 0.46621621621621623, 0.472972972972973, 0.47972972972972977, 0.4864864864864865, 0.49324324324324326]
Amplitude: [59262.819947156386, 779.9242052009768, 2202.254337656389, 1988.8702381952912, 1161.2926657485673, 1185.9382142612733, 96.69615639657874, 94.22904445535437, 385.74920776310745, 901.9381022435698, 618.9466710647441, 293.7414098393981, 38.24146277374245, 135.24363894584158, 303.921192913323, 81.73448853397372, 246.28042410165702, 117.64192312092779, 235.70938120900317, 132.9281021451895, 107.4390990813835, 68.19559139298003, 245.15264708939605, 176.6376176833174, 72.47844011557024, 108.23084030970209, 96.75649833268749, 96.33494429270833, 61.801841782766544, 23.97191535831946, 100.09177209070154, 111.49483850522863, 44.41580232000213, 135.45850577572605, 48.06127716136296, 17.389708603429398, 124.20235674795197, 32.74425160846268, 97.20025744310867, 64.56282386273911, 31.5314998399269, 69.70032004356364, 39.546591561508464, 43.43729610633896, 41.978903601903845, 62.35648139411458, 37.22427743675836, 26.652427719480755, 72.06576953240292, 62.441917106125075, 36.931373672437054, 8.998572752259884, 55.47707360403162, 59.19500899280523, 32.08526416896212, 28.40981937141149, 11.323388591423127, 31.943607229751013, 59.82990096191885, 48.568919453325066, 45.43658524248655, 56.28622598161528, 35.27479162084047, 75.45860943663467, 32.94510814680731, 93.1826085846493, 44.86523369670462, 49.73192049721392, 48.071955084617954, 12.58079201692863, 25.405209398668262, 3.645925654914465, 24.82479481057449, 30.383631245214275]

landmark_31:
Frequency (Hz): [0.0, 0.006756756756756757, 0.013513513513513514, 0.02027027027027027, 0.02702702702702703, 0.033783783783783786, 0.04054054054054054, 0.0472972972972973, 0.05405405405405406, 0.060810810810810814, 0.06756756756756757, 0.07432432432432433, 0.08108108108108109, 0.08783783783783784, 0.0945945945945946, 0.10135135135135136, 0.10810810810810811, 0.11486486486486487, 0.12162162162162163, 0.1283783783783784, 0.13513513513513514, 0.14189189189189189, 0.14864864864864866, 0.15540540540540543, 0.16216216216216217, 0.16891891891891891, 0.17567567567567569, 0.18243243243243246, 0.1891891891891892, 0.19594594594594594, 0.20270270270270271, 0.20945945945945948, 0.21621621621621623, 0.22297297297297297, 0.22972972972972974, 0.2364864864864865, 0.24324324324324326, 0.25, 0.2567567567567568, 0.26351351351351354, 0.2702702702702703, 0.27702702702702703, 0.28378378378378377, 0.29054054054054057, 0.2972972972972973, 0.30405405405405406, 0.31081081081081086, 0.3175675675675676, 0.32432432432432434, 0.3310810810810811, 0.33783783783783783, 0.3445945945945946, 0.35135135135135137, 0.3581081081081081, 0.3648648648648649, 0.37162162162162166, 0.3783783783783784, 0.38513513513513514, 0.3918918918918919, 0.3986486486486487, 0.40540540540540543, 0.41216216216216217, 0.41891891891891897, 0.4256756756756757, 0.43243243243243246, 0.4391891891891892, 0.44594594594594594, 0.45270270270270274, 0.4594594594594595, 0.46621621621621623, 0.472972972972973, 0.47972972972972977, 0.4864864864864865, 0.49324324324324326]
Amplitude: [64701.999238705896, 1234.268352038135, 1030.989734134884, 206.19309867742268, 1392.690538915838, 226.0201803715331, 1059.300191285113, 1138.7668798795182, 422.8307000479937, 291.2077232492017, 541.8300576743637, 472.34252680833447, 178.7841518174053, 319.576707764005, 193.20775608753254, 152.76919559402006, 147.4302200838458, 171.2346240693396, 44.072797733908445, 157.31020027203508, 100.5969460827663, 286.8041572939762, 41.555753653620236, 186.18648053733187, 145.93877426907076, 7.758803081450447, 102.8051251584945, 27.466749542167566, 28.402796010403144, 103.177819422983, 37.411494064857834, 60.25709253537352, 83.39866556189412, 21.910345820025853, 77.48290170343633, 46.430325948544244, 6.459140055517406, 24.57970774006828, 72.67725060696674, 40.31124370116713, 46.288840327173524, 58.51848898044655, 19.319879996627527, 17.171305833772422, 60.74331594480401, 47.607769114796305, 32.434518523717706, 24.685058376664283, 28.87523199965982, 1.0656049404573735, 15.405338768303835, 39.03033858346948, 59.62219057985264, 21.942466150043774, 21.4836402469643, 29.919386659837656, 13.025171089038386, 20.560939164065182, 24.79156925514547, 55.42838696819834, 22.42706445353107, 2.251131553197828, 51.47638379250387, 18.706124002854676, 38.80980804802407, 12.466049274410686, 34.26228383049482, 35.172179764621724, 36.295456291358654, 37.13204481966199, 38.18810132515857, 53.76763121976095, 51.13087091619146, 53.29005642142851]

landmark_32:
Frequency (Hz): [0.0, 0.006756756756756757, 0.013513513513513514, 0.02027027027027027, 0.02702702702702703, 0.033783783783783786, 0.04054054054054054, 0.0472972972972973, 0.05405405405405406, 0.060810810810810814, 0.06756756756756757, 0.07432432432432433, 0.08108108108108109, 0.08783783783783784, 0.0945945945945946, 0.10135135135135136, 0.10810810810810811, 0.11486486486486487, 0.12162162162162163, 0.1283783783783784, 0.13513513513513514, 0.14189189189189189, 0.14864864864864866, 0.15540540540540543, 0.16216216216216217, 0.16891891891891891, 0.17567567567567569, 0.18243243243243246, 0.1891891891891892, 0.19594594594594594, 0.20270270270270271, 0.20945945945945948, 0.21621621621621623, 0.22297297297297297, 0.22972972972972974, 0.2364864864864865, 0.24324324324324326, 0.25, 0.2567567567567568, 0.26351351351351354, 0.2702702702702703, 0.27702702702702703, 0.28378378378378377, 0.29054054054054057, 0.2972972972972973, 0.30405405405405406, 0.31081081081081086, 0.3175675675675676, 0.32432432432432434, 0.3310810810810811, 0.33783783783783783, 0.3445945945945946, 0.35135135135135137, 0.3581081081081081, 0.3648648648648649, 0.37162162162162166, 0.3783783783783784, 0.38513513513513514, 0.3918918918918919, 0.3986486486486487, 0.40540540540540543, 0.41216216216216217, 0.41891891891891897, 0.4256756756756757, 0.43243243243243246, 0.4391891891891892, 0.44594594594594594, 0.45270270270270274, 0.4594594594594595, 0.46621621621621623, 0.472972972972973, 0.47972972972972977, 0.4864864864864865, 0.49324324324324326]
Amplitude: [49698.10278663636, 453.60669286113944, 1503.7315103690055, 1354.9936965721456, 796.8666169297685, 583.2604903046288, 119.34207759790603, 109.70208134849895, 310.71621691918165, 582.0067427090563, 358.5514827210272, 228.52200086551957, 101.39703532313195, 82.07531858676079, 368.5443536060897, 59.262717421380174, 154.07685770310712, 58.25309908292084, 176.62602778318478, 54.93577874332561, 78.37043495384088, 10.549127608870057, 161.50030527851206, 175.6928402587174, 37.297450321138086, 107.9160633823734, 66.37802834192924, 96.40565305032884, 20.2714200613078, 12.829639456755757, 94.60774202201459, 89.62166104089881, 27.84376386371927, 72.21697613315104, 34.13893207141662, 32.39877578626645, 55.905288322755084, 33.07290380340299, 29.55320779683957, 27.08168483701043, 3.258968120632141, 33.85995879854349, 17.32587998185718, 14.17992921859887, 39.84890471702314, 71.22416137612115, 15.729767642833435, 23.880796103675483, 32.41688430131785, 53.33520910905104, 36.693442074738385, 14.849738750225681, 44.78139233212138, 28.77926875762479, 20.170366205024045, 29.20591005825102, 19.728779285111585, 17.756048622501904, 47.7710973700721, 49.94315831828107, 28.71614179620005, 44.72582713557904, 34.009818486769355, 55.78404945728307, 18.633273027830466, 57.62365044803233, 32.0667930587436, 46.21601617318245, 13.62484699683519, 21.00993590685814, 32.23111917965225, 12.441952698357722, 38.185586864129554, 27.987045943453392]

