landmark_0:
Frequency (Hz): [0.0, 0.006578947368421052, 0.013157894736842105, 0.019736842105263157, 0.02631578947368421, 0.03289473684210526, 0.039473684210526314, 0.046052631578947366, 0.05263157894736842, 0.05921052631578947, 0.06578947368421052, 0.07236842105263158, 0.07894736842105263, 0.08552631578947367, 0.09210526315789473, 0.09868421052631579, 0.10526315789473684, 0.11184210526315788, 0.11842105263157894, 0.125, 0.13157894736842105, 0.1381578947368421, 0.14473684210526316, 0.1513157894736842, 0.15789473684210525, 0.1644736842105263, 0.17105263157894735, 0.17763157894736842, 0.18421052631578946, 0.1907894736842105, 0.19736842105263158, 0.20394736842105263, 0.21052631578947367, 0.21710526315789472, 0.22368421052631576, 0.23026315789473684, 0.23684210526315788, 0.24342105263157893, 0.25, 0.256578947368421, 0.2631578947368421, 0.26973684210526316, 0.2763157894736842, 0.28289473684210525, 0.2894736842105263, 0.29605263157894735, 0.3026315789473684, 0.30921052631578944, 0.3157894736842105, 0.3223684210526316, 0.3289473684210526, 0.3355263157894737, 0.3421052631578947, 0.34868421052631576, 0.35526315789473684, 0.36184210526315785, 0.3684210526315789, 0.375, 0.381578947368421, 0.3881578947368421, 0.39473684210526316, 0.4013157894736842, 0.40789473684210525, 0.41447368421052627, 0.42105263157894735, 0.4276315789473684, 0.43421052631578944, 0.4407894736842105, 0.4473684210526315, 0.4539473684210526, 0.4605263157894737, 0.4671052631578947, 0.47368421052631576, 0.48026315789473684, 0.48684210526315785, 0.4934210526315789]
Amplitude: [93177.00876433948, 575.2910549811694, 646.9145556422995, 1271.4990252883601, 332.7476183587789, 879.7815727900213, 463.5182433952728, 591.1279598632916, 759.4806620841639, 570.537508626562, 857.8470386427507, 599.019424381338, 615.1403577051088, 774.7198283403401, 610.291700208712, 732.8918182470219, 671.7483266052291, 578.9155695947655, 625.3227681242713, 659.1549486008789, 624.3864213054991, 523.9878849257808, 668.8766002783079, 678.6197138413354, 600.6631398085087, 618.4478009627899, 651.424600171682, 664.6658626790772, 683.7125134616555, 637.481891430625, 686.5111455501345, 604.2872127457293, 667.7246869576668, 654.2935035556599, 664.482173934528, 603.1471798058045, 601.0892729928014, 614.0920031049337, 630.2830053628097, 630.1824892242745, 647.8544321979572, 584.6811732852606, 590.4514278678072, 675.871780015413, 615.3735898741722, 631.243113776492, 619.0180948922338, 690.6823554607176, 651.3382161819621, 607.4999071176126, 686.987556671155, 624.4426664703371, 644.8879704123656, 655.5049239190641, 611.4908016215703, 641.7603001688844, 613.0252630627778, 678.7089727977177, 593.2041081306743, 639.6607590259425, 624.2113603337789, 640.6565003322563, 625.3022070305001, 642.6621764891333, 675.8642881128362, 594.8297926737824, 622.7565309488325, 652.1190746058414, 661.7115175365486, 610.2348775068953, 609.4895661724541, 640.338909560322, 651.5957364074964, 627.1265096769549, 654.566681968766, 633.4152278423771]

landmark_1:
Frequency (Hz): [0.0, 0.006578947368421052, 0.013157894736842105, 0.019736842105263157, 0.02631578947368421, 0.03289473684210526, 0.039473684210526314, 0.046052631578947366, 0.05263157894736842, 0.05921052631578947, 0.06578947368421052, 0.07236842105263158, 0.07894736842105263, 0.08552631578947367, 0.09210526315789473, 0.09868421052631579, 0.10526315789473684, 0.11184210526315788, 0.11842105263157894, 0.125, 0.13157894736842105, 0.1381578947368421, 0.14473684210526316, 0.1513157894736842, 0.15789473684210525, 0.1644736842105263, 0.17105263157894735, 0.17763157894736842, 0.18421052631578946, 0.1907894736842105, 0.19736842105263158, 0.20394736842105263, 0.21052631578947367, 0.21710526315789472, 0.22368421052631576, 0.23026315789473684, 0.23684210526315788, 0.24342105263157893, 0.25, 0.256578947368421, 0.2631578947368421, 0.26973684210526316, 0.2763157894736842, 0.28289473684210525, 0.2894736842105263, 0.29605263157894735, 0.3026315789473684, 0.30921052631578944, 0.3157894736842105, 0.3223684210526316, 0.3289473684210526, 0.3355263157894737, 0.3421052631578947, 0.34868421052631576, 0.35526315789473684, 0.36184210526315785, 0.3684210526315789, 0.375, 0.381578947368421, 0.3881578947368421, 0.39473684210526316, 0.4013157894736842, 0.40789473684210525, 0.41447368421052627, 0.42105263157894735, 0.4276315789473684, 0.43421052631578944, 0.4407894736842105, 0.4473684210526315, 0.4539473684210526, 0.4605263157894737, 0.4671052631578947, 0.47368421052631576, 0.48026315789473684, 0.48684210526315785, 0.4934210526315789]
Amplitude: [93818.41892671002, 460.78038406033096, 779.2618703438391, 1395.9551240206513, 338.9964117792984, 757.3362107293684, 591.2651889031765, 575.7149452058896, 723.6174637695992, 597.77712655599, 804.4218677004574, 645.4486432331666, 600.7549187838779, 758.9023891238184, 632.8774894579243, 738.2885205271848, 658.3427152248189, 575.1737360428898, 628.1639911161369, 664.7040845078594, 643.6686385207544, 525.1943106652335, 673.4457851361086, 676.8307491600166, 608.6669351538789, 631.7267929341922, 639.9094293761041, 676.436183121197, 675.609164130027, 633.5801539735088, 677.884778763686, 616.2720374364026, 682.5678491826843, 661.4284146697788, 653.9651925517219, 612.9844588461743, 607.9809238667586, 622.8821751525791, 627.1948888584715, 644.5862659773572, 654.5248787748319, 588.5308237765983, 591.8575000223789, 679.7739909124953, 627.185710742232, 643.0625454474479, 616.3102872068413, 688.1980059490803, 657.3371538955638, 615.0538178747877, 685.8775120057961, 630.9512605178571, 649.7853925834103, 661.0442238249288, 613.4137804677737, 640.3056242924876, 619.3468874055889, 683.5885466114964, 606.928883699309, 636.9000862407113, 627.312926711832, 647.8872127094313, 626.6799017858684, 647.8944784369006, 672.0777543434807, 614.1623005423498, 624.5202627405479, 649.2946267081755, 659.4275646085722, 618.9056148929506, 623.8848261161256, 644.1692260183861, 646.2607929122439, 630.6973047477043, 656.4317645440825, 638.5387620805734]

landmark_2:
Frequency (Hz): [0.0, 0.006578947368421052, 0.013157894736842105, 0.019736842105263157, 0.02631578947368421, 0.03289473684210526, 0.039473684210526314, 0.046052631578947366, 0.05263157894736842, 0.05921052631578947, 0.06578947368421052, 0.07236842105263158, 0.07894736842105263, 0.08552631578947367, 0.09210526315789473, 0.09868421052631579, 0.10526315789473684, 0.11184210526315788, 0.11842105263157894, 0.125, 0.13157894736842105, 0.1381578947368421, 0.14473684210526316, 0.1513157894736842, 0.15789473684210525, 0.1644736842105263, 0.17105263157894735, 0.17763157894736842, 0.18421052631578946, 0.1907894736842105, 0.19736842105263158, 0.20394736842105263, 0.21052631578947367, 0.21710526315789472, 0.22368421052631576, 0.23026315789473684, 0.23684210526315788, 0.24342105263157893, 0.25, 0.256578947368421, 0.2631578947368421, 0.26973684210526316, 0.2763157894736842, 0.28289473684210525, 0.2894736842105263, 0.29605263157894735, 0.3026315789473684, 0.30921052631578944, 0.3157894736842105, 0.3223684210526316, 0.3289473684210526, 0.3355263157894737, 0.3421052631578947, 0.34868421052631576, 0.35526315789473684, 0.36184210526315785, 0.3684210526315789, 0.375, 0.381578947368421, 0.3881578947368421, 0.39473684210526316, 0.4013157894736842, 0.40789473684210525, 0.41447368421052627, 0.42105263157894735, 0.4276315789473684, 0.43421052631578944, 0.4407894736842105, 0.4473684210526315, 0.4539473684210526, 0.4605263157894737, 0.4671052631578947, 0.47368421052631576, 0.48026315789473684, 0.48684210526315785, 0.4934210526315789]
Amplitude: [93933.72748839277, 438.3097018888209, 848.5043749741661, 1463.9559748874808, 345.24328829287055, 754.8469273992545, 589.8555574954642, 574.943644019908, 726.1167909032088, 616.2203276308062, 793.3933637602976, 649.6581446783454, 604.1766319911371, 752.9419148212203, 639.174108418178, 742.6566131120826, 659.515973200137, 574.8455104445678, 626.9613346480913, 670.4463584463555, 647.3634291583023, 522.8925411865814, 673.872568456964, 682.9992542929272, 609.5592177950139, 633.4730836247566, 641.1820752646864, 676.8396155378796, 676.857989596275, 634.231871029146, 680.0368547038871, 616.3616252279811, 683.9980173353252, 666.8955480222378, 655.5523823846574, 611.1747827537503, 611.5243488937023, 626.7001499280868, 627.0478616598456, 647.3049846597291, 657.2388378390401, 589.8056082057448, 592.9510139107032, 682.0661074345054, 630.0336990181809, 644.7553597157108, 617.6785679732008, 691.4769778498319, 658.8284545748232, 614.42396248082, 688.8195283638744, 632.8644019115457, 651.5320985153625, 663.0611781629239, 616.2639073625037, 641.225097206373, 620.855144373406, 686.5724919471388, 608.9688348412722, 637.2354880268523, 629.598682288365, 651.641073110169, 627.0333134980735, 648.8693133464402, 675.2021361895082, 615.6430055933384, 625.8249707541713, 652.2879073869237, 661.295377373795, 619.6295144432004, 626.0784439815592, 646.6406015048416, 647.8475110051368, 631.9164876793348, 658.758023427192, 641.1154013809613]

landmark_3:
Frequency (Hz): [0.0, 0.006578947368421052, 0.013157894736842105, 0.019736842105263157, 0.02631578947368421, 0.03289473684210526, 0.039473684210526314, 0.046052631578947366, 0.05263157894736842, 0.05921052631578947, 0.06578947368421052, 0.07236842105263158, 0.07894736842105263, 0.08552631578947367, 0.09210526315789473, 0.09868421052631579, 0.10526315789473684, 0.11184210526315788, 0.11842105263157894, 0.125, 0.13157894736842105, 0.1381578947368421, 0.14473684210526316, 0.1513157894736842, 0.15789473684210525, 0.1644736842105263, 0.17105263157894735, 0.17763157894736842, 0.18421052631578946, 0.1907894736842105, 0.19736842105263158, 0.20394736842105263, 0.21052631578947367, 0.21710526315789472, 0.22368421052631576, 0.23026315789473684, 0.23684210526315788, 0.24342105263157893, 0.25, 0.256578947368421, 0.2631578947368421, 0.26973684210526316, 0.2763157894736842, 0.28289473684210525, 0.2894736842105263, 0.29605263157894735, 0.3026315789473684, 0.30921052631578944, 0.3157894736842105, 0.3223684210526316, 0.3289473684210526, 0.3355263157894737, 0.3421052631578947, 0.34868421052631576, 0.35526315789473684, 0.36184210526315785, 0.3684210526315789, 0.375, 0.381578947368421, 0.3881578947368421, 0.39473684210526316, 0.4013157894736842, 0.40789473684210525, 0.41447368421052627, 0.42105263157894735, 0.4276315789473684, 0.43421052631578944, 0.4407894736842105, 0.4473684210526315, 0.4539473684210526, 0.4605263157894737, 0.4671052631578947, 0.47368421052631576, 0.48026315789473684, 0.48684210526315785, 0.4934210526315789]
Amplitude: [94040.19278582092, 416.8823148756803, 917.565903285923, 1534.6373228678633, 352.6764089785045, 745.9362529909635, 596.8185216627079, 571.2866706847165, 735.7645027359434, 633.2157590088251, 786.2258181958026, 653.4452841112382, 612.1277195306533, 747.4713333547619, 645.2149415968426, 743.5316863816256, 661.232178085075, 575.2093750894867, 624.9038624141699, 677.0193532694411, 651.6763054792044, 522.605961388963, 673.0823917260528, 689.4705370839552, 607.6751455026453, 634.173198026443, 642.9297183620988, 677.1969337023085, 678.3796463363582, 634.7705902864557, 682.0620908520385, 616.7842740321448, 683.4986084423782, 671.9078310091926, 655.994904026553, 610.2535032984564, 615.1787991263544, 627.5820137261019, 627.2259334310307, 649.7013480433931, 659.300702257205, 591.6048277374468, 593.1876085523986, 684.0706675630995, 632.8872502375228, 645.6491140290212, 617.897473680523, 694.5214483792887, 660.4395087821446, 614.1613559772537, 691.8702039714027, 633.395460561523, 652.1245995768849, 666.1024158253168, 617.655299677425, 641.7412382054594, 621.4175579999737, 688.9444068538804, 611.1409940415406, 636.6492046535539, 631.3727987968488, 654.7205011045501, 627.3890386673206, 649.359369840174, 677.6687571604707, 616.4288668160635, 626.2491271799971, 655.3937242141903, 662.3487324356372, 619.552667902732, 628.0090429020634, 648.3786702426403, 650.0875750584729, 632.4313629855051, 659.4761413920015, 643.7549394798199]

landmark_4:
Frequency (Hz): [0.0, 0.006578947368421052, 0.013157894736842105, 0.019736842105263157, 0.02631578947368421, 0.03289473684210526, 0.039473684210526314, 0.046052631578947366, 0.05263157894736842, 0.05921052631578947, 0.06578947368421052, 0.07236842105263158, 0.07894736842105263, 0.08552631578947367, 0.09210526315789473, 0.09868421052631579, 0.10526315789473684, 0.11184210526315788, 0.11842105263157894, 0.125, 0.13157894736842105, 0.1381578947368421, 0.14473684210526316, 0.1513157894736842, 0.15789473684210525, 0.1644736842105263, 0.17105263157894735, 0.17763157894736842, 0.18421052631578946, 0.1907894736842105, 0.19736842105263158, 0.20394736842105263, 0.21052631578947367, 0.21710526315789472, 0.22368421052631576, 0.23026315789473684, 0.23684210526315788, 0.24342105263157893, 0.25, 0.256578947368421, 0.2631578947368421, 0.26973684210526316, 0.2763157894736842, 0.28289473684210525, 0.2894736842105263, 0.29605263157894735, 0.3026315789473684, 0.30921052631578944, 0.3157894736842105, 0.3223684210526316, 0.3289473684210526, 0.3355263157894737, 0.3421052631578947, 0.34868421052631576, 0.35526315789473684, 0.36184210526315785, 0.3684210526315789, 0.375, 0.381578947368421, 0.3881578947368421, 0.39473684210526316, 0.4013157894736842, 0.40789473684210525, 0.41447368421052627, 0.42105263157894735, 0.4276315789473684, 0.43421052631578944, 0.4407894736842105, 0.4473684210526315, 0.4539473684210526, 0.4605263157894737, 0.4671052631578947, 0.47368421052631576, 0.48026315789473684, 0.48684210526315785, 0.4934210526315789]
Amplitude: [93416.70091969051, 556.7401571632615, 533.3630250315326, 1203.30791194535, 378.54085157124354, 736.9705174270468, 541.3267646838502, 603.2635611334292, 718.8239335679682, 556.4611304305956, 827.9755596888865, 613.7334027520234, 616.231258085255, 773.5202218998885, 613.4328075975337, 709.506008916175, 649.8599741927908, 598.9149127183857, 619.3076915099666, 637.7147372559457, 640.5659649983861, 530.0767699939756, 658.5361367962334, 657.9645271693815, 595.9760185228467, 639.308407040692, 642.4099661317149, 662.8303686361633, 686.0338616457501, 624.1626024717561, 680.1542465044681, 609.7250770621558, 675.1101768733654, 643.8502247909508, 653.9155335272189, 610.3682310783394, 596.6716734548688, 613.1667875438702, 628.5306210165156, 637.4558417204398, 631.9902247612171, 587.1670141655381, 594.9334799867984, 669.7958269853688, 623.3586628973011, 628.5757757397153, 621.6462689762832, 682.4058156533545, 649.0409228636545, 615.9821191064989, 677.7846346593069, 632.2816204517109, 641.7621983912404, 649.3409888857993, 610.3933436385539, 641.4958310782399, 618.673590637003, 665.1734972337332, 603.7491797860332, 637.0450311475371, 615.316465066349, 639.5039567750356, 626.5098190946219, 642.4174418960486, 666.906582157466, 603.0855444817954, 623.3507933596959, 638.7136103524465, 655.9263436072896, 616.0774267679725, 614.3307659403242, 635.5480942200517, 650.8242379904785, 625.0081086197778, 641.2362546959456, 638.2353955370431]

landmark_5:
Frequency (Hz): [0.0, 0.006578947368421052, 0.013157894736842105, 0.019736842105263157, 0.02631578947368421, 0.03289473684210526, 0.039473684210526314, 0.046052631578947366, 0.05263157894736842, 0.05921052631578947, 0.06578947368421052, 0.07236842105263158, 0.07894736842105263, 0.08552631578947367, 0.09210526315789473, 0.09868421052631579, 0.10526315789473684, 0.11184210526315788, 0.11842105263157894, 0.125, 0.13157894736842105, 0.1381578947368421, 0.14473684210526316, 0.1513157894736842, 0.15789473684210525, 0.1644736842105263, 0.17105263157894735, 0.17763157894736842, 0.18421052631578946, 0.1907894736842105, 0.19736842105263158, 0.20394736842105263, 0.21052631578947367, 0.21710526315789472, 0.22368421052631576, 0.23026315789473684, 0.23684210526315788, 0.24342105263157893, 0.25, 0.256578947368421, 0.2631578947368421, 0.26973684210526316, 0.2763157894736842, 0.28289473684210525, 0.2894736842105263, 0.29605263157894735, 0.3026315789473684, 0.30921052631578944, 0.3157894736842105, 0.3223684210526316, 0.3289473684210526, 0.3355263157894737, 0.3421052631578947, 0.34868421052631576, 0.35526315789473684, 0.36184210526315785, 0.3684210526315789, 0.375, 0.381578947368421, 0.3881578947368421, 0.39473684210526316, 0.4013157894736842, 0.40789473684210525, 0.41447368421052627, 0.42105263157894735, 0.4276315789473684, 0.43421052631578944, 0.4407894736842105, 0.4473684210526315, 0.4539473684210526, 0.4605263157894737, 0.4671052631578947, 0.47368421052631576, 0.48026315789473684, 0.48684210526315785, 0.4934210526315789]
Amplitude: [93290.05353679639, 576.3213072944492, 524.5933289898908, 1164.6061640504804, 364.539035135557, 728.9502761505167, 542.651094963873, 610.5083147743103, 724.0631585389672, 546.7509766425699, 830.048561208578, 613.6918064949629, 614.6284009976408, 772.7094093702624, 612.4966660785752, 706.194287306902, 642.9767104356664, 601.3412966600451, 619.6601012231852, 628.7586732542552, 639.4616969413153, 527.2257694722505, 657.0088689097975, 655.7770690517361, 593.927916359998, 638.1562949940027, 638.2157977360503, 661.4279762739025, 684.7263302350085, 622.1692982536523, 676.3876702472573, 606.0209756091541, 675.625919620574, 640.3772101587077, 653.068387342622, 611.3412185941503, 591.2893457668033, 610.1035474990615, 628.489810662989, 634.6054500917719, 629.8312421483621, 586.5236827301733, 593.5742647440677, 666.4192046964753, 621.5304255069897, 627.2335694109117, 618.1435647866241, 680.8275165813535, 648.8950210686149, 614.0449230593869, 674.1371834553046, 630.5702944305506, 641.9008175146097, 645.6296285859036, 608.0952004790348, 640.6589071320151, 617.3123315599116, 662.2830658689401, 600.8318348442784, 638.306059628851, 613.0277346517917, 635.912309670966, 626.5598582908874, 639.6704434491678, 663.5978855890185, 603.7599685241137, 621.4050019439441, 635.9424388541662, 653.9885518840538, 614.6346791942397, 613.3975159423912, 631.8517816129028, 648.4975163201739, 625.4456471002711, 638.4271369882837, 635.4679360972564]

landmark_6:
Frequency (Hz): [0.0, 0.006578947368421052, 0.013157894736842105, 0.019736842105263157, 0.02631578947368421, 0.03289473684210526, 0.039473684210526314, 0.046052631578947366, 0.05263157894736842, 0.05921052631578947, 0.06578947368421052, 0.07236842105263158, 0.07894736842105263, 0.08552631578947367, 0.09210526315789473, 0.09868421052631579, 0.10526315789473684, 0.11184210526315788, 0.11842105263157894, 0.125, 0.13157894736842105, 0.1381578947368421, 0.14473684210526316, 0.1513157894736842, 0.15789473684210525, 0.1644736842105263, 0.17105263157894735, 0.17763157894736842, 0.18421052631578946, 0.1907894736842105, 0.19736842105263158, 0.20394736842105263, 0.21052631578947367, 0.21710526315789472, 0.22368421052631576, 0.23026315789473684, 0.23684210526315788, 0.24342105263157893, 0.25, 0.256578947368421, 0.2631578947368421, 0.26973684210526316, 0.2763157894736842, 0.28289473684210525, 0.2894736842105263, 0.29605263157894735, 0.3026315789473684, 0.30921052631578944, 0.3157894736842105, 0.3223684210526316, 0.3289473684210526, 0.3355263157894737, 0.3421052631578947, 0.34868421052631576, 0.35526315789473684, 0.36184210526315785, 0.3684210526315789, 0.375, 0.381578947368421, 0.3881578947368421, 0.39473684210526316, 0.4013157894736842, 0.40789473684210525, 0.41447368421052627, 0.42105263157894735, 0.4276315789473684, 0.43421052631578944, 0.4407894736842105, 0.4473684210526315, 0.4539473684210526, 0.4605263157894737, 0.4671052631578947, 0.47368421052631576, 0.48026315789473684, 0.48684210526315785, 0.4934210526315789]
Amplitude: [93173.85716066022, 591.5903527973327, 532.7468603067057, 1126.3093186194096, 352.41332281735276, 731.0715232013414, 541.6303008124592, 616.0805675832448, 734.5562134328235, 542.0758098642713, 824.4162700347282, 615.4070737932885, 610.5068007933377, 774.984886764668, 610.5948263215042, 701.1038564490299, 639.0148693471124, 599.815187298409, 621.0129572563346, 627.317672201306, 635.3942339145391, 524.7782446278783, 655.123575421937, 654.5086120800914, 592.5852841885004, 633.235259927694, 635.9643682765621, 659.8440881773313, 681.7677326686005, 621.6543039343373, 672.8687411407507, 603.7899862010973, 674.0975777617284, 638.1109900720238, 651.9841456203917, 609.1369144762879, 589.0311076400399, 607.076788322822, 627.6693804610928, 632.2426956533911, 626.7246601741942, 586.6389402328049, 590.9022988482178, 663.287041862472, 620.8001142910955, 625.2789641638567, 616.3794708202167, 678.8571007329077, 646.6686156230576, 613.3303899276367, 671.7777338471994, 627.8652183897472, 641.661424354807, 643.0417495618145, 604.8172754483035, 639.9619201132264, 615.0601210131242, 659.8858953375799, 598.8743561192102, 637.0901474868086, 611.5948813073616, 633.3895313852928, 624.5883904142486, 638.3105192913976, 660.4635223003478, 603.3954076030434, 620.2161032119835, 632.8189818984156, 653.1882738265786, 613.0980211941413, 611.4158334193354, 629.5386584171005, 646.8352727169031, 623.9883995291539, 635.9135582561922, 633.5933177475971]

landmark_7:
Frequency (Hz): [0.0, 0.006578947368421052, 0.013157894736842105, 0.019736842105263157, 0.02631578947368421, 0.03289473684210526, 0.039473684210526314, 0.046052631578947366, 0.05263157894736842, 0.05921052631578947, 0.06578947368421052, 0.07236842105263158, 0.07894736842105263, 0.08552631578947367, 0.09210526315789473, 0.09868421052631579, 0.10526315789473684, 0.11184210526315788, 0.11842105263157894, 0.125, 0.13157894736842105, 0.1381578947368421, 0.14473684210526316, 0.1513157894736842, 0.15789473684210525, 0.1644736842105263, 0.17105263157894735, 0.17763157894736842, 0.18421052631578946, 0.1907894736842105, 0.19736842105263158, 0.20394736842105263, 0.21052631578947367, 0.21710526315789472, 0.22368421052631576, 0.23026315789473684, 0.23684210526315788, 0.24342105263157893, 0.25, 0.256578947368421, 0.2631578947368421, 0.26973684210526316, 0.2763157894736842, 0.28289473684210525, 0.2894736842105263, 0.29605263157894735, 0.3026315789473684, 0.30921052631578944, 0.3157894736842105, 0.3223684210526316, 0.3289473684210526, 0.3355263157894737, 0.3421052631578947, 0.34868421052631576, 0.35526315789473684, 0.36184210526315785, 0.3684210526315789, 0.375, 0.381578947368421, 0.3881578947368421, 0.39473684210526316, 0.4013157894736842, 0.40789473684210525, 0.41447368421052627, 0.42105263157894735, 0.4276315789473684, 0.43421052631578944, 0.4407894736842105, 0.4473684210526315, 0.4539473684210526, 0.4605263157894737, 0.4671052631578947, 0.47368421052631576, 0.48026315789473684, 0.48684210526315785, 0.4934210526315789]
Amplitude: [92069.31577708898, 135.35613768781954, 1150.3760741052706, 1347.3893973529791, 469.2740566182882, 507.75666790663223, 834.324318139293, 590.6275882340668, 620.5729060817484, 608.5011212479574, 697.435968240048, 667.3935147421963, 572.6401513483914, 704.4585025993806, 657.5269012201684, 653.919768511757, 625.0594526977192, 596.96676512889, 648.4503508274961, 614.2826589731259, 637.1108102635015, 566.121231687748, 655.8490862299584, 620.7848608496045, 594.8119050569961, 625.0229298081298, 618.0439651615189, 642.3486544209347, 612.2279559113935, 614.78462786847, 657.3081114990733, 600.6297189947187, 641.456625774821, 624.9560606010141, 637.6732349551771, 618.1221933672948, 600.2243521064607, 602.6265120162715, 620.8820599883272, 623.5031256715158, 647.3379336917143, 576.6279450331714, 594.0799832110478, 657.8893861192095, 609.9576465812744, 615.3460418182283, 609.7457775000427, 659.4016113421113, 627.1751782894634, 588.7391764645489, 646.7398825856902, 624.9876675485929, 628.2900600127488, 616.0725272457878, 606.2345659357269, 633.6511468018474, 606.4267219232628, 631.9852104332252, 605.5613207473365, 620.3033550195788, 623.284674174673, 614.3776144656832, 616.059013152208, 623.857758376753, 640.9649365756475, 615.6844579956058, 600.8704078569577, 625.0521715787189, 634.0088694083947, 617.8549244853963, 599.5303912326347, 622.4224848705642, 632.3600512299178, 616.1832720036979, 609.8627399604873, 617.8885168635262]

landmark_8:
Frequency (Hz): [0.0, 0.006578947368421052, 0.013157894736842105, 0.019736842105263157, 0.02631578947368421, 0.03289473684210526, 0.039473684210526314, 0.046052631578947366, 0.05263157894736842, 0.05921052631578947, 0.06578947368421052, 0.07236842105263158, 0.07894736842105263, 0.08552631578947367, 0.09210526315789473, 0.09868421052631579, 0.10526315789473684, 0.11184210526315788, 0.11842105263157894, 0.125, 0.13157894736842105, 0.1381578947368421, 0.14473684210526316, 0.1513157894736842, 0.15789473684210525, 0.1644736842105263, 0.17105263157894735, 0.17763157894736842, 0.18421052631578946, 0.1907894736842105, 0.19736842105263158, 0.20394736842105263, 0.21052631578947367, 0.21710526315789472, 0.22368421052631576, 0.23026315789473684, 0.23684210526315788, 0.24342105263157893, 0.25, 0.256578947368421, 0.2631578947368421, 0.26973684210526316, 0.2763157894736842, 0.28289473684210525, 0.2894736842105263, 0.29605263157894735, 0.3026315789473684, 0.30921052631578944, 0.3157894736842105, 0.3223684210526316, 0.3289473684210526, 0.3355263157894737, 0.3421052631578947, 0.34868421052631576, 0.35526315789473684, 0.36184210526315785, 0.3684210526315789, 0.375, 0.381578947368421, 0.3881578947368421, 0.39473684210526316, 0.4013157894736842, 0.40789473684210525, 0.41447368421052627, 0.42105263157894735, 0.4276315789473684, 0.43421052631578944, 0.4407894736842105, 0.4473684210526315, 0.4539473684210526, 0.4605263157894737, 0.4671052631578947, 0.47368421052631576, 0.48026315789473684, 0.48684210526315785, 0.4934210526315789]
Amplitude: [90964.0937032972, 692.9363108935323, 991.6582073485287, 587.2845078633401, 585.7660819053851, 447.757473058019, 620.3079658624054, 708.0135596742489, 621.0647252900591, 503.26477031271355, 694.0218017062123, 626.2376036315122, 607.5419281352032, 690.3340901301422, 591.3924493120702, 657.4188889515578, 558.2996082456368, 655.8469447292682, 554.4101508636979, 559.5478536290807, 658.4499885808647, 552.6758162292491, 629.6813907494198, 568.6971914312695, 572.7859187477231, 641.5773916714517, 587.1575379362231, 612.4833093854818, 652.4830435437893, 575.4760923573735, 625.9337262229475, 607.3618308116179, 616.8584019201146, 606.0687409783638, 605.2224753879708, 602.3736136638507, 589.8249004702401, 582.6339170102021, 594.7108345218172, 600.6920347894724, 580.9258080921413, 598.3562164639039, 593.2639465675295, 610.4145491327727, 598.853353889978, 591.6749879735739, 607.4479962726157, 631.5206504464869, 614.5486081264086, 599.6658603483935, 616.3492241308676, 607.2459213235302, 605.7642081400809, 611.1746364146469, 594.8185377075289, 609.171293023152, 602.6692790137322, 590.4971129930576, 591.3975239086418, 619.9060305430235, 573.6447122583589, 607.8307572533448, 610.2543564081673, 589.9184544541996, 612.9940802394538, 590.4316682117835, 613.9110373179626, 591.4171321455929, 601.7534782137473, 615.9720152537121, 583.1872600330612, 596.6783577255418, 625.6460573161146, 592.9769532694569, 590.9706657755511, 608.5709927366904]

landmark_9:
Frequency (Hz): [0.0, 0.006578947368421052, 0.013157894736842105, 0.019736842105263157, 0.02631578947368421, 0.03289473684210526, 0.039473684210526314, 0.046052631578947366, 0.05263157894736842, 0.05921052631578947, 0.06578947368421052, 0.07236842105263158, 0.07894736842105263, 0.08552631578947367, 0.09210526315789473, 0.09868421052631579, 0.10526315789473684, 0.11184210526315788, 0.11842105263157894, 0.125, 0.13157894736842105, 0.1381578947368421, 0.14473684210526316, 0.1513157894736842, 0.15789473684210525, 0.1644736842105263, 0.17105263157894735, 0.17763157894736842, 0.18421052631578946, 0.1907894736842105, 0.19736842105263158, 0.20394736842105263, 0.21052631578947367, 0.21710526315789472, 0.22368421052631576, 0.23026315789473684, 0.23684210526315788, 0.24342105263157893, 0.25, 0.256578947368421, 0.2631578947368421, 0.26973684210526316, 0.2763157894736842, 0.28289473684210525, 0.2894736842105263, 0.29605263157894735, 0.3026315789473684, 0.30921052631578944, 0.3157894736842105, 0.3223684210526316, 0.3289473684210526, 0.3355263157894737, 0.3421052631578947, 0.34868421052631576, 0.35526315789473684, 0.36184210526315785, 0.3684210526315789, 0.375, 0.381578947368421, 0.3881578947368421, 0.39473684210526316, 0.4013157894736842, 0.40789473684210525, 0.41447368421052627, 0.42105263157894735, 0.4276315789473684, 0.43421052631578944, 0.4407894736842105, 0.4473684210526315, 0.4539473684210526, 0.4605263157894737, 0.4671052631578947, 0.47368421052631576, 0.48026315789473684, 0.48684210526315785, 0.4934210526315789]
Amplitude: [91539.64089729567, 366.85081018488603, 640.7442674900287, 1129.3965197625625, 350.6455069319292, 803.4773220922758, 537.326653421415, 620.5027215393609, 691.1817682212304, 572.1849829774927, 789.1559418117226, 625.3947340259808, 579.688579090186, 750.5489034675661, 610.0733128534598, 720.4971219546676, 639.1346611485027, 557.864357509436, 621.8545552646644, 638.757092641884, 625.246163311734, 523.7106106917945, 650.394331450857, 649.8283039477776, 604.9841617115292, 599.0507948291645, 626.2720430951165, 654.8721454130047, 646.5040221554596, 615.558215469929, 654.27613654033, 604.9934768648016, 653.7656237425349, 637.6485524852029, 642.6395967835559, 596.4166537328146, 591.3035721834664, 609.4358125481908, 612.0006985655943, 623.7092214663585, 631.4645026551309, 579.0537263467681, 582.6440491844135, 646.8489748340678, 614.0765643622044, 624.229222387647, 599.6506036596086, 661.8319040687728, 637.4413843106425, 598.0808772727081, 659.0336884827717, 612.205716822916, 632.8995387152967, 637.395404494101, 595.2507906510771, 624.5521608103408, 603.4609696535103, 655.1433230751364, 589.5424842196702, 623.5374756114272, 610.1931646367266, 624.0798382428399, 610.1284784153024, 631.0048884079952, 648.967431397866, 600.2199204508628, 605.5907148078412, 628.8592434181609, 639.9307016728279, 602.7111746867297, 608.3365111273974, 621.629994231589, 625.6594756331586, 616.4497041402667, 634.8912381633662, 615.5810294595276]

landmark_10:
Frequency (Hz): [0.0, 0.006578947368421052, 0.013157894736842105, 0.019736842105263157, 0.02631578947368421, 0.03289473684210526, 0.039473684210526314, 0.046052631578947366, 0.05263157894736842, 0.05921052631578947, 0.06578947368421052, 0.07236842105263158, 0.07894736842105263, 0.08552631578947367, 0.09210526315789473, 0.09868421052631579, 0.10526315789473684, 0.11184210526315788, 0.11842105263157894, 0.125, 0.13157894736842105, 0.1381578947368421, 0.14473684210526316, 0.1513157894736842, 0.15789473684210525, 0.1644736842105263, 0.17105263157894735, 0.17763157894736842, 0.18421052631578946, 0.1907894736842105, 0.19736842105263158, 0.20394736842105263, 0.21052631578947367, 0.21710526315789472, 0.22368421052631576, 0.23026315789473684, 0.23684210526315788, 0.24342105263157893, 0.25, 0.256578947368421, 0.2631578947368421, 0.26973684210526316, 0.2763157894736842, 0.28289473684210525, 0.2894736842105263, 0.29605263157894735, 0.3026315789473684, 0.30921052631578944, 0.3157894736842105, 0.3223684210526316, 0.3289473684210526, 0.3355263157894737, 0.3421052631578947, 0.34868421052631576, 0.35526315789473684, 0.36184210526315785, 0.3684210526315789, 0.375, 0.381578947368421, 0.3881578947368421, 0.39473684210526316, 0.4013157894736842, 0.40789473684210525, 0.41447368421052627, 0.42105263157894735, 0.4276315789473684, 0.43421052631578944, 0.4407894736842105, 0.4473684210526315, 0.4539473684210526, 0.4605263157894737, 0.4671052631578947, 0.47368421052631576, 0.48026315789473684, 0.48684210526315785, 0.4934210526315789]
Amplitude: [91018.78545587955, 510.9799305986246, 429.5531288619998, 915.7549918539931, 408.0521306324695, 778.1559751322543, 480.912552529241, 657.5352042829196, 684.9570430334004, 536.5574392141925, 814.0169351025332, 584.0697396873278, 597.6982373336876, 758.6349442428359, 592.3639071441117, 693.7716548742877, 625.0257198676987, 585.5422237484968, 601.5933611711173, 607.7745461151474, 620.6524574900053, 533.8823731579851, 633.2011906507425, 632.7754136052552, 578.5916299473942, 614.4641024101238, 629.9341108851893, 639.0537870744942, 655.7491031485731, 606.1076063686597, 656.9406409717571, 596.8729718146285, 646.1988952288744, 615.6194215229983, 640.0796980555915, 594.6903075187065, 578.7787604425115, 596.5063533614875, 609.277408686343, 616.2050802871504, 605.8951916548251, 576.2345543295371, 582.0085182810768, 641.4866189022769, 608.7816472272661, 603.4156304490909, 607.927886793948, 656.5198881903021, 623.9161227804524, 603.2500905322556, 649.562594615378, 611.9576436260505, 620.8958388381973, 624.2666488470066, 594.8894681057844, 622.3800794695977, 599.7648743628503, 638.8708547814376, 586.120258935926, 617.7128646798943, 595.7984295587443, 618.4081889295078, 607.5512710345816, 620.8396433044187, 643.2066809153015, 586.3541867066972, 606.9766283928416, 614.3381948431033, 635.4519228470235, 600.0728076101373, 597.0505944463057, 611.5882219175584, 629.6458024704499, 607.2178448286983, 619.3235516954923, 615.8821467044837]

landmark_11:
Frequency (Hz): [0.0, 0.006578947368421052, 0.013157894736842105, 0.019736842105263157, 0.02631578947368421, 0.03289473684210526, 0.039473684210526314, 0.046052631578947366, 0.05263157894736842, 0.05921052631578947, 0.06578947368421052, 0.07236842105263158, 0.07894736842105263, 0.08552631578947367, 0.09210526315789473, 0.09868421052631579, 0.10526315789473684, 0.11184210526315788, 0.11842105263157894, 0.125, 0.13157894736842105, 0.1381578947368421, 0.14473684210526316, 0.1513157894736842, 0.15789473684210525, 0.1644736842105263, 0.17105263157894735, 0.17763157894736842, 0.18421052631578946, 0.1907894736842105, 0.19736842105263158, 0.20394736842105263, 0.21052631578947367, 0.21710526315789472, 0.22368421052631576, 0.23026315789473684, 0.23684210526315788, 0.24342105263157893, 0.25, 0.256578947368421, 0.2631578947368421, 0.26973684210526316, 0.2763157894736842, 0.28289473684210525, 0.2894736842105263, 0.29605263157894735, 0.3026315789473684, 0.30921052631578944, 0.3157894736842105, 0.3223684210526316, 0.3289473684210526, 0.3355263157894737, 0.3421052631578947, 0.34868421052631576, 0.35526315789473684, 0.36184210526315785, 0.3684210526315789, 0.375, 0.381578947368421, 0.3881578947368421, 0.39473684210526316, 0.4013157894736842, 0.40789473684210525, 0.41447368421052627, 0.42105263157894735, 0.4276315789473684, 0.43421052631578944, 0.4407894736842105, 0.4473684210526315, 0.4539473684210526, 0.4605263157894737, 0.4671052631578947, 0.47368421052631576, 0.48026315789473684, 0.48684210526315785, 0.4934210526315789]
Amplitude: [87963.82254975344, 1049.3173429336348, 1738.2101463550434, 1831.618369142049, 637.3181336610469, 295.8786360409828, 1040.037433511206, 704.8111011027535, 536.4337079987653, 653.3914715671425, 625.8366637958903, 619.5167739109175, 590.2206814308448, 642.5736199975951, 655.3983373171491, 610.8626873168968, 629.7621539980297, 541.1281572191525, 629.879471744108, 640.4282764307022, 597.0910197966813, 560.815869266863, 620.1179821885897, 612.732771878259, 586.3532116677069, 579.9655997089832, 636.1070867852561, 614.7462502869441, 543.6702901787435, 626.6060214302192, 634.5643702805812, 555.3334951661045, 614.7845166161272, 628.4376854712384, 599.2712383036717, 597.1271632150806, 581.8099917797739, 593.5681690269109, 576.9624048977636, 601.489057835884, 662.3516691321169, 532.1016900229379, 571.3778654578479, 635.10276412294, 597.7824787938746, 586.5546101356706, 580.6244033896209, 657.1300760101243, 584.4365618442079, 551.4614568796219, 645.8215130258545, 614.9121135635133, 586.4352611445058, 589.6915978357032, 605.1549190656116, 604.7274164082104, 583.1936968625678, 616.4920273275483, 580.3394558899638, 578.4438006339875, 627.3303342041331, 592.7239940204873, 564.4876253040738, 594.1362016166072, 641.1476687992781, 602.827840992936, 540.9489124825116, 610.8357315032947, 615.3500040408184, 592.5167800657791, 579.0556595799382, 613.3806837714627, 597.3674417660966, 583.8073298654004, 612.0892920764006, 593.0949013332681]

landmark_12:
Frequency (Hz): [0.0, 0.006578947368421052, 0.013157894736842105, 0.019736842105263157, 0.02631578947368421, 0.03289473684210526, 0.039473684210526314, 0.046052631578947366, 0.05263157894736842, 0.05921052631578947, 0.06578947368421052, 0.07236842105263158, 0.07894736842105263, 0.08552631578947367, 0.09210526315789473, 0.09868421052631579, 0.10526315789473684, 0.11184210526315788, 0.11842105263157894, 0.125, 0.13157894736842105, 0.1381578947368421, 0.14473684210526316, 0.1513157894736842, 0.15789473684210525, 0.1644736842105263, 0.17105263157894735, 0.17763157894736842, 0.18421052631578946, 0.1907894736842105, 0.19736842105263158, 0.20394736842105263, 0.21052631578947367, 0.21710526315789472, 0.22368421052631576, 0.23026315789473684, 0.23684210526315788, 0.24342105263157893, 0.25, 0.256578947368421, 0.2631578947368421, 0.26973684210526316, 0.2763157894736842, 0.28289473684210525, 0.2894736842105263, 0.29605263157894735, 0.3026315789473684, 0.30921052631578944, 0.3157894736842105, 0.3223684210526316, 0.3289473684210526, 0.3355263157894737, 0.3421052631578947, 0.34868421052631576, 0.35526315789473684, 0.36184210526315785, 0.3684210526315789, 0.375, 0.381578947368421, 0.3881578947368421, 0.39473684210526316, 0.4013157894736842, 0.40789473684210525, 0.41447368421052627, 0.42105263157894735, 0.4276315789473684, 0.43421052631578944, 0.4407894736842105, 0.4473684210526315, 0.4539473684210526, 0.4605263157894737, 0.4671052631578947, 0.47368421052631576, 0.48026315789473684, 0.48684210526315785, 0.4934210526315789]
Amplitude: [85954.78259923866, 1707.0201142752383, 2375.0755209236936, 940.6397763235834, 578.8460404151546, 283.99299182566364, 664.4434767568804, 915.113244967959, 527.0130769838792, 494.94021129513226, 713.7255433844681, 629.9662369751868, 596.540105577669, 567.7457908834918, 592.3196793501493, 625.7268454342924, 460.5306492334596, 671.8631628836622, 478.0466898890347, 459.9150718658955, 602.4489254220548, 576.09754432249, 534.5262377264982, 500.36793005289064, 518.5108663109498, 622.1388708656286, 523.9865195888716, 561.8065103312487, 637.7184772242315, 492.728524358963, 561.6346485677502, 601.5183516716907, 580.5413910461822, 502.7900951128323, 582.7297905455805, 568.815311662017, 533.8670932005974, 547.287186186646, 532.3402589341558, 560.7997051773901, 497.6388937960241, 586.111720906162, 538.2757118872119, 535.0513146269482, 573.0656482278229, 546.3376719076535, 565.9408607347646, 522.2649178362732, 588.9565665291393, 570.487626702488, 544.1759739922956, 547.415277626609, 558.8119150332627, 573.5478592789917, 514.0381348457837, 579.8363420224798, 560.2560407878672, 513.5503943980418, 551.9256954295413, 582.1943952874157, 494.8733009832946, 548.9986861841853, 596.3567347135008, 524.3961789816115, 527.9652490349703, 539.8672479288327, 604.4683968840352, 514.5319755742818, 531.4351384149438, 589.3757687051626, 533.4381812071978, 529.7281335226887, 580.7875252889868, 553.4719749624109, 524.2039166499583, 553.6143712952362]

landmark_13:
Frequency (Hz): [0.0, 0.006578947368421052, 0.013157894736842105, 0.019736842105263157, 0.02631578947368421, 0.03289473684210526, 0.039473684210526314, 0.046052631578947366, 0.05263157894736842, 0.05921052631578947, 0.06578947368421052, 0.07236842105263158, 0.07894736842105263, 0.08552631578947367, 0.09210526315789473, 0.09868421052631579, 0.10526315789473684, 0.11184210526315788, 0.11842105263157894, 0.125, 0.13157894736842105, 0.1381578947368421, 0.14473684210526316, 0.1513157894736842, 0.15789473684210525, 0.1644736842105263, 0.17105263157894735, 0.17763157894736842, 0.18421052631578946, 0.1907894736842105, 0.19736842105263158, 0.20394736842105263, 0.21052631578947367, 0.21710526315789472, 0.22368421052631576, 0.23026315789473684, 0.23684210526315788, 0.24342105263157893, 0.25, 0.256578947368421, 0.2631578947368421, 0.26973684210526316, 0.2763157894736842, 0.28289473684210525, 0.2894736842105263, 0.29605263157894735, 0.3026315789473684, 0.30921052631578944, 0.3157894736842105, 0.3223684210526316, 0.3289473684210526, 0.3355263157894737, 0.3421052631578947, 0.34868421052631576, 0.35526315789473684, 0.36184210526315785, 0.3684210526315789, 0.375, 0.381578947368421, 0.3881578947368421, 0.39473684210526316, 0.4013157894736842, 0.40789473684210525, 0.41447368421052627, 0.42105263157894735, 0.4276315789473684, 0.43421052631578944, 0.4407894736842105, 0.4473684210526315, 0.4539473684210526, 0.4605263157894737, 0.4671052631578947, 0.47368421052631576, 0.48026315789473684, 0.48684210526315785, 0.4934210526315789]
Amplitude: [91878.07027590531, 4652.631244459185, 2175.725365837895, 3172.213009554068, 1384.6887279862974, 681.996659380042, 1941.7371525018996, 599.4059539541353, 767.9990700933058, 753.8783000848596, 969.9190926854884, 869.2766633306435, 433.51448634301084, 567.3848471561886, 726.1634218043723, 948.3257830223747, 809.0673517565704, 411.4486681121718, 595.621211409032, 597.4527233265013, 877.9264340376707, 782.1977020175759, 665.8471536316127, 521.3848737296564, 456.66018441341737, 643.4754503297731, 895.3753329678933, 594.2668012181091, 636.915308019745, 600.9020087506359, 630.6271129671334, 636.8887161516725, 663.428746021172, 797.6385328007383, 679.1944222738041, 613.7042368048221, 578.1969977681016, 606.1314121350244, 625.5233996242384, 720.0368168783515, 680.4886549993716, 523.8165628084384, 513.8572946808147, 714.6882236941115, 662.936880096555, 562.3907036930024, 635.1631357032666, 658.5230837858857, 696.1224070252966, 544.5864078771729, 731.252119054283, 642.9360083381943, 610.0712582076452, 671.1457058362009, 691.7926031262455, 669.8185645840433, 596.8635015232331, 690.7704085214566, 571.3678517336158, 640.4883550933475, 690.8235008790958, 618.9674282947337, 541.2965377154298, 604.3441039437415, 719.2738071570993, 580.2439140918183, 561.6185207467985, 622.0705895873454, 630.5957017611688, 650.8706139804609, 558.3981351352687, 704.7793954993331, 577.5826747371979, 617.6704296676314, 714.146821987809, 584.5388325836325]

landmark_14:
Frequency (Hz): [0.0, 0.006578947368421052, 0.013157894736842105, 0.019736842105263157, 0.02631578947368421, 0.03289473684210526, 0.039473684210526314, 0.046052631578947366, 0.05263157894736842, 0.05921052631578947, 0.06578947368421052, 0.07236842105263158, 0.07894736842105263, 0.08552631578947367, 0.09210526315789473, 0.09868421052631579, 0.10526315789473684, 0.11184210526315788, 0.11842105263157894, 0.125, 0.13157894736842105, 0.1381578947368421, 0.14473684210526316, 0.1513157894736842, 0.15789473684210525, 0.1644736842105263, 0.17105263157894735, 0.17763157894736842, 0.18421052631578946, 0.1907894736842105, 0.19736842105263158, 0.20394736842105263, 0.21052631578947367, 0.21710526315789472, 0.22368421052631576, 0.23026315789473684, 0.23684210526315788, 0.24342105263157893, 0.25, 0.256578947368421, 0.2631578947368421, 0.26973684210526316, 0.2763157894736842, 0.28289473684210525, 0.2894736842105263, 0.29605263157894735, 0.3026315789473684, 0.30921052631578944, 0.3157894736842105, 0.3223684210526316, 0.3289473684210526, 0.3355263157894737, 0.3421052631578947, 0.34868421052631576, 0.35526315789473684, 0.36184210526315785, 0.3684210526315789, 0.375, 0.381578947368421, 0.3881578947368421, 0.39473684210526316, 0.4013157894736842, 0.40789473684210525, 0.41447368421052627, 0.42105263157894735, 0.4276315789473684, 0.43421052631578944, 0.4407894736842105, 0.4473684210526315, 0.4539473684210526, 0.4605263157894737, 0.4671052631578947, 0.47368421052631576, 0.48026315789473684, 0.48684210526315785, 0.4934210526315789]
Amplitude: [89936.0926565095, 4742.187709555475, 2860.5272699771203, 4252.238369964082, 299.3416396416005, 1562.099735107033, 1634.6330320349061, 902.8097574169307, 1184.1700503848874, 827.7738642158284, 1606.9927541620225, 848.2829657175251, 515.800771468168, 924.816838402014, 762.3937479011927, 1125.3297607481484, 843.7068228567799, 408.7129512985026, 565.8955581694297, 553.4693236905587, 669.7499693380388, 827.3641086941161, 599.0145732080969, 469.19157940964175, 401.4708956385636, 782.0407206950465, 655.6382037946297, 730.4255005772637, 735.2473849112855, 462.92457434282306, 706.8047551151317, 661.9639162566464, 643.7230853582923, 598.3003448628463, 529.8861018151106, 639.0921718507183, 536.0833599594188, 520.1070050618071, 615.3187057526851, 570.0609003216715, 570.4728921601554, 534.2460518353828, 508.79485353108714, 608.9686771171839, 643.5591804989733, 584.0086207602457, 526.6121120663367, 539.3735161386594, 720.7542203610199, 520.71437771258, 656.0269319625044, 558.0520282639548, 547.675176291856, 678.4044151504776, 494.675327562374, 661.6198821706811, 578.6477045676438, 600.2766093378964, 579.647479849994, 517.5682677235542, 546.7799279192902, 564.9412597427431, 616.2210786764604, 512.70714980338, 496.7067498202583, 494.4734770849285, 675.2710239359157, 552.9186983825366, 486.32178426228427, 571.388286558667, 542.2011803499239, 571.3574902487952, 680.022872786908, 478.73067775186723, 534.3575108425916, 690.139357917521]

landmark_15:
Frequency (Hz): [0.0, 0.006578947368421052, 0.013157894736842105, 0.019736842105263157, 0.02631578947368421, 0.03289473684210526, 0.039473684210526314, 0.046052631578947366, 0.05263157894736842, 0.05921052631578947, 0.06578947368421052, 0.07236842105263158, 0.07894736842105263, 0.08552631578947367, 0.09210526315789473, 0.09868421052631579, 0.10526315789473684, 0.11184210526315788, 0.11842105263157894, 0.125, 0.13157894736842105, 0.1381578947368421, 0.14473684210526316, 0.1513157894736842, 0.15789473684210525, 0.1644736842105263, 0.17105263157894735, 0.17763157894736842, 0.18421052631578946, 0.1907894736842105, 0.19736842105263158, 0.20394736842105263, 0.21052631578947367, 0.21710526315789472, 0.22368421052631576, 0.23026315789473684, 0.23684210526315788, 0.24342105263157893, 0.25, 0.256578947368421, 0.2631578947368421, 0.26973684210526316, 0.2763157894736842, 0.28289473684210525, 0.2894736842105263, 0.29605263157894735, 0.3026315789473684, 0.30921052631578944, 0.3157894736842105, 0.3223684210526316, 0.3289473684210526, 0.3355263157894737, 0.3421052631578947, 0.34868421052631576, 0.35526315789473684, 0.36184210526315785, 0.3684210526315789, 0.375, 0.381578947368421, 0.3881578947368421, 0.39473684210526316, 0.4013157894736842, 0.40789473684210525, 0.41447368421052627, 0.42105263157894735, 0.4276315789473684, 0.43421052631578944, 0.4407894736842105, 0.4473684210526315, 0.4539473684210526, 0.4605263157894737, 0.4671052631578947, 0.47368421052631576, 0.48026315789473684, 0.48684210526315785, 0.4934210526315789]
Amplitude: [99780.90760967162, 6544.204105871833, 3391.092673284794, 5579.203441007731, 2364.221302954773, 883.4342068014117, 2945.6383178817096, 1016.0743941685649, 1126.7896594603967, 564.5700828770581, 1728.0741753791708, 1512.1830035543107, 550.4046640981644, 697.3797507167529, 720.103211390269, 1476.2096540974903, 1464.0795256829592, 701.9875072231857, 686.4350049118787, 639.9674994310728, 1632.6133360210133, 1442.9850931524957, 809.9963295913233, 222.91759499367373, 419.4483194155763, 855.3628538722571, 1485.3190332344832, 736.9086500271477, 925.4452621361952, 467.28469473841477, 644.7285717964166, 791.6388799282273, 815.545461195207, 1152.523977736231, 769.2512907647326, 666.0900016297201, 512.5275848476797, 659.4010030620302, 746.9887234007301, 999.423949237005, 727.8287838421442, 521.0934958885362, 417.586005758862, 869.2618584153039, 818.7166390096318, 657.827690660139, 682.2695218840161, 615.8537971450098, 969.4415766665651, 590.1258654486944, 1042.3531565925616, 506.6539840059301, 690.0951020833735, 852.1064502196685, 928.499417840161, 852.9465644324199, 568.3375272453079, 844.1592777050578, 514.6501787731933, 763.435678838626, 742.5549650036495, 759.804332961224, 575.487333406796, 581.079944039505, 775.331460291862, 675.7314223586537, 678.0363923058998, 687.9935936017458, 619.390001062277, 695.8249538627928, 673.4142398170659, 839.9371549497808, 601.4639558019176, 652.7132019793227, 821.695524099068, 651.1093748532767]

landmark_16:
Frequency (Hz): [0.0, 0.006578947368421052, 0.013157894736842105, 0.019736842105263157, 0.02631578947368421, 0.03289473684210526, 0.039473684210526314, 0.046052631578947366, 0.05263157894736842, 0.05921052631578947, 0.06578947368421052, 0.07236842105263158, 0.07894736842105263, 0.08552631578947367, 0.09210526315789473, 0.09868421052631579, 0.10526315789473684, 0.11184210526315788, 0.11842105263157894, 0.125, 0.13157894736842105, 0.1381578947368421, 0.14473684210526316, 0.1513157894736842, 0.15789473684210525, 0.1644736842105263, 0.17105263157894735, 0.17763157894736842, 0.18421052631578946, 0.1907894736842105, 0.19736842105263158, 0.20394736842105263, 0.21052631578947367, 0.21710526315789472, 0.22368421052631576, 0.23026315789473684, 0.23684210526315788, 0.24342105263157893, 0.25, 0.256578947368421, 0.2631578947368421, 0.26973684210526316, 0.2763157894736842, 0.28289473684210525, 0.2894736842105263, 0.29605263157894735, 0.3026315789473684, 0.30921052631578944, 0.3157894736842105, 0.3223684210526316, 0.3289473684210526, 0.3355263157894737, 0.3421052631578947, 0.34868421052631576, 0.35526315789473684, 0.36184210526315785, 0.3684210526315789, 0.375, 0.381578947368421, 0.3881578947368421, 0.39473684210526316, 0.4013157894736842, 0.40789473684210525, 0.41447368421052627, 0.42105263157894735, 0.4276315789473684, 0.43421052631578944, 0.4407894736842105, 0.4473684210526315, 0.4539473684210526, 0.4605263157894737, 0.4671052631578947, 0.47368421052631576, 0.48026315789473684, 0.48684210526315785, 0.4934210526315789]
Amplitude: [96792.66161721463, 6104.182645474961, 2799.1740583317205, 6651.796268244436, 863.6384663983304, 3238.389956750263, 1692.816311787452, 1396.155463627875, 1725.3437109107224, 1458.7344068168625, 2431.6694153442627, 1773.0314565869874, 289.1743784658112, 1663.575634504244, 1181.5799963562515, 1882.961426591538, 1733.3081641341391, 383.21343026942844, 870.1245570292169, 729.4991149734586, 1020.6025290534068, 1159.1118241615302, 882.6460125804822, 731.7107690610219, 393.8800202651383, 1030.3777252471912, 798.8941233040349, 1097.3727712752127, 885.941729637753, 510.2112778395605, 832.5053057473287, 688.7173177158929, 810.2984663777023, 774.013633761644, 486.7523756230392, 752.4032082208281, 590.9074411387382, 614.9299638763415, 806.2082192269719, 480.6747871568356, 772.9141098090918, 561.6357218136195, 629.5622838446076, 732.3422131348241, 683.3862696779078, 709.2236852937684, 539.0499853183616, 645.1611136541528, 795.0968691469241, 528.2052836356066, 804.6831825690986, 557.3357820817281, 605.9004756120924, 804.3432157256168, 593.5281272886436, 740.43751212349, 699.0221005730041, 790.0206644276327, 555.1925790942381, 468.93723024401885, 625.1642466139383, 616.6118669116793, 706.6663025684787, 507.9482974837066, 519.9486980615831, 523.4614226733086, 772.7301053301102, 727.2427745666835, 443.84986974197943, 610.209885416735, 609.1459851798171, 656.3593467521015, 790.3423169760783, 443.3743627887675, 683.0075205159461, 808.5039159918955]

landmark_17:
Frequency (Hz): [0.0, 0.006578947368421052, 0.013157894736842105, 0.019736842105263157, 0.02631578947368421, 0.03289473684210526, 0.039473684210526314, 0.046052631578947366, 0.05263157894736842, 0.05921052631578947, 0.06578947368421052, 0.07236842105263158, 0.07894736842105263, 0.08552631578947367, 0.09210526315789473, 0.09868421052631579, 0.10526315789473684, 0.11184210526315788, 0.11842105263157894, 0.125, 0.13157894736842105, 0.1381578947368421, 0.14473684210526316, 0.1513157894736842, 0.15789473684210525, 0.1644736842105263, 0.17105263157894735, 0.17763157894736842, 0.18421052631578946, 0.1907894736842105, 0.19736842105263158, 0.20394736842105263, 0.21052631578947367, 0.21710526315789472, 0.22368421052631576, 0.23026315789473684, 0.23684210526315788, 0.24342105263157893, 0.25, 0.256578947368421, 0.2631578947368421, 0.26973684210526316, 0.2763157894736842, 0.28289473684210525, 0.2894736842105263, 0.29605263157894735, 0.3026315789473684, 0.30921052631578944, 0.3157894736842105, 0.3223684210526316, 0.3289473684210526, 0.3355263157894737, 0.3421052631578947, 0.34868421052631576, 0.35526315789473684, 0.36184210526315785, 0.3684210526315789, 0.375, 0.381578947368421, 0.3881578947368421, 0.39473684210526316, 0.4013157894736842, 0.40789473684210525, 0.41447368421052627, 0.42105263157894735, 0.4276315789473684, 0.43421052631578944, 0.4407894736842105, 0.4473684210526315, 0.4539473684210526, 0.4605263157894737, 0.4671052631578947, 0.47368421052631576, 0.48026315789473684, 0.48684210526315785, 0.4934210526315789]
Amplitude: [102126.25607972451, 7435.064672869983, 3934.350812854919, 6370.55842229611, 2605.607870825343, 950.5474791838351, 3220.951192208859, 1225.8168430195715, 1123.8772030860193, 606.5550869494589, 1937.4738640209218, 1650.6213077911939, 655.4880819079453, 692.6765625214889, 729.5244805033504, 1643.056016900746, 1576.5902371043755, 885.3993387095388, 697.7748807008227, 660.2993620727187, 1810.9137109914786, 1634.6936955095666, 929.2503411015023, 154.66839708958327, 415.1443097352229, 928.9176652437657, 1665.261042947312, 806.5715233093171, 1021.2401514424757, 437.27867664571335, 672.0802154234078, 800.4358754865933, 912.8580531864791, 1242.0629600388913, 789.0715352079648, 678.8060642264498, 487.2298762488566, 718.8610941431057, 757.2880338390515, 1077.94648933302, 737.2633478546837, 510.1995619071112, 440.9719052287068, 941.9773007566833, 857.6764438928552, 649.8550426174749, 706.4552372956657, 660.0285970974141, 1056.6538392528541, 618.4929884670786, 1099.9154001107702, 473.68503665926806, 721.1113605912062, 913.7020679893712, 1004.6998765537606, 883.9540328166609, 548.7074193763474, 922.7940589419975, 534.0687026997675, 800.8727674210336, 750.9430019306122, 801.1717503787512, 601.7123398802739, 601.6586409846707, 798.5656945927868, 688.5332947712405, 694.5516733567853, 727.9804341660054, 637.4622165529864, 719.9150673452114, 697.7684575703609, 880.5858169612969, 612.360791629736, 671.8892321879906, 869.517974850315, 669.3531714107843]

landmark_18:
Frequency (Hz): [0.0, 0.006578947368421052, 0.013157894736842105, 0.019736842105263157, 0.02631578947368421, 0.03289473684210526, 0.039473684210526314, 0.046052631578947366, 0.05263157894736842, 0.05921052631578947, 0.06578947368421052, 0.07236842105263158, 0.07894736842105263, 0.08552631578947367, 0.09210526315789473, 0.09868421052631579, 0.10526315789473684, 0.11184210526315788, 0.11842105263157894, 0.125, 0.13157894736842105, 0.1381578947368421, 0.14473684210526316, 0.1513157894736842, 0.15789473684210525, 0.1644736842105263, 0.17105263157894735, 0.17763157894736842, 0.18421052631578946, 0.1907894736842105, 0.19736842105263158, 0.20394736842105263, 0.21052631578947367, 0.21710526315789472, 0.22368421052631576, 0.23026315789473684, 0.23684210526315788, 0.24342105263157893, 0.25, 0.256578947368421, 0.2631578947368421, 0.26973684210526316, 0.2763157894736842, 0.28289473684210525, 0.2894736842105263, 0.29605263157894735, 0.3026315789473684, 0.30921052631578944, 0.3157894736842105, 0.3223684210526316, 0.3289473684210526, 0.3355263157894737, 0.3421052631578947, 0.34868421052631576, 0.35526315789473684, 0.36184210526315785, 0.3684210526315789, 0.375, 0.381578947368421, 0.3881578947368421, 0.39473684210526316, 0.4013157894736842, 0.40789473684210525, 0.41447368421052627, 0.42105263157894735, 0.4276315789473684, 0.43421052631578944, 0.4407894736842105, 0.4473684210526315, 0.4539473684210526, 0.4605263157894737, 0.4671052631578947, 0.47368421052631576, 0.48026315789473684, 0.48684210526315785, 0.4934210526315789]
Amplitude: [99102.85881870105, 6615.754471320505, 2806.6957034079915, 7665.538820561978, 1101.197808655581, 3588.9628487507625, 1794.169204754796, 1572.7180157672115, 1692.3632459251176, 1718.8183591054503, 2618.208899809768, 2002.4695119142668, 246.6491811288561, 1767.4703559457669, 1387.411764827101, 2060.635231327115, 1939.6476143930402, 449.03951217472235, 910.8038991894432, 915.4114866471904, 1141.8534867328708, 1208.4179494659463, 971.2651996760358, 760.1817791523528, 493.5971545322208, 1127.7024676154874, 827.1471336634316, 1213.269273730295, 901.2308015987578, 572.4417465494081, 899.6792236793635, 694.8406075597161, 845.0378776383263, 793.7745742645245, 490.23544702680215, 813.8673883262192, 606.0304325662379, 621.8190441483488, 865.0409709817499, 466.39642954094126, 849.4659035522577, 551.660857713173, 647.7724402033998, 771.6613164771555, 693.6237554950337, 767.1059256641885, 520.0666130283953, 671.8240802614534, 842.3608081791034, 532.6147289828768, 871.5273252487777, 556.6419720008453, 618.8165763694916, 862.9169314566745, 614.1748502251063, 779.7002824743494, 733.0400754095366, 825.8331090205662, 590.2481832145625, 463.81093044925126, 650.224724011276, 641.9462708719069, 699.250624488993, 546.6601401476116, 545.2494104194141, 521.5659786252202, 803.4292605514046, 762.8936351162588, 470.62401820735363, 639.6587024467866, 616.9731781373939, 675.2783245809767, 820.0775248850771, 449.07060302373264, 735.0833184554211, 843.4285240356794]

landmark_19:
Frequency (Hz): [0.0, 0.006578947368421052, 0.013157894736842105, 0.019736842105263157, 0.02631578947368421, 0.03289473684210526, 0.039473684210526314, 0.046052631578947366, 0.05263157894736842, 0.05921052631578947, 0.06578947368421052, 0.07236842105263158, 0.07894736842105263, 0.08552631578947367, 0.09210526315789473, 0.09868421052631579, 0.10526315789473684, 0.11184210526315788, 0.11842105263157894, 0.125, 0.13157894736842105, 0.1381578947368421, 0.14473684210526316, 0.1513157894736842, 0.15789473684210525, 0.1644736842105263, 0.17105263157894735, 0.17763157894736842, 0.18421052631578946, 0.1907894736842105, 0.19736842105263158, 0.20394736842105263, 0.21052631578947367, 0.21710526315789472, 0.22368421052631576, 0.23026315789473684, 0.23684210526315788, 0.24342105263157893, 0.25, 0.256578947368421, 0.2631578947368421, 0.26973684210526316, 0.2763157894736842, 0.28289473684210525, 0.2894736842105263, 0.29605263157894735, 0.3026315789473684, 0.30921052631578944, 0.3157894736842105, 0.3223684210526316, 0.3289473684210526, 0.3355263157894737, 0.3421052631578947, 0.34868421052631576, 0.35526315789473684, 0.36184210526315785, 0.3684210526315789, 0.375, 0.381578947368421, 0.3881578947368421, 0.39473684210526316, 0.4013157894736842, 0.40789473684210525, 0.41447368421052627, 0.42105263157894735, 0.4276315789473684, 0.43421052631578944, 0.4407894736842105, 0.4473684210526315, 0.4539473684210526, 0.4605263157894737, 0.4671052631578947, 0.47368421052631576, 0.48026315789473684, 0.48684210526315785, 0.4934210526315789]
Amplitude: [102544.74798092344, 7288.269313146803, 4246.515687786059, 6337.701933836634, 2566.9510557908, 876.8392240991188, 3250.9402947401827, 1139.5454639942102, 1131.2780668230898, 556.6827408399844, 1900.5148960372999, 1645.9773493091623, 578.3561922013314, 717.6638783635314, 713.4248737375771, 1553.6168545654236, 1517.9762498570071, 819.3781472847356, 761.7187924418365, 663.5963757333998, 1813.1467270801015, 1620.1097190707094, 885.0123490988545, 145.3225508800189, 480.0837130793284, 919.3477515674847, 1629.571874559246, 807.1281200264228, 1014.0486894356369, 432.5512641964736, 668.9758862234347, 787.0521554285156, 913.5634581494656, 1257.8594148969246, 777.4111886282393, 693.2908978117443, 500.28668536673536, 718.6294822730107, 764.9889732110285, 1054.2758809649797, 755.1960464087654, 530.0957171140146, 439.92720584867664, 942.2045678272783, 880.9872340480423, 667.4108031431198, 681.3158815563896, 667.7327717062759, 1090.6253981092887, 631.5788401499158, 1074.3594517328177, 469.6823583820267, 747.5180680310589, 903.6172843911876, 973.5905469048346, 897.2472579686909, 563.7417860110988, 920.3649029688503, 514.007021239434, 794.1510624841806, 773.4138858033822, 803.6619892979269, 605.3813562064696, 598.4843025005141, 793.8655907747408, 706.031578215851, 678.6228189533638, 731.8623514968265, 638.3971674311694, 718.2790311168087, 712.7216334820813, 865.7309029694102, 659.0311818069991, 648.3425002549598, 832.5070428512831, 684.5753488858076]

landmark_20:
Frequency (Hz): [0.0, 0.006578947368421052, 0.013157894736842105, 0.019736842105263157, 0.02631578947368421, 0.03289473684210526, 0.039473684210526314, 0.046052631578947366, 0.05263157894736842, 0.05921052631578947, 0.06578947368421052, 0.07236842105263158, 0.07894736842105263, 0.08552631578947367, 0.09210526315789473, 0.09868421052631579, 0.10526315789473684, 0.11184210526315788, 0.11842105263157894, 0.125, 0.13157894736842105, 0.1381578947368421, 0.14473684210526316, 0.1513157894736842, 0.15789473684210525, 0.1644736842105263, 0.17105263157894735, 0.17763157894736842, 0.18421052631578946, 0.1907894736842105, 0.19736842105263158, 0.20394736842105263, 0.21052631578947367, 0.21710526315789472, 0.22368421052631576, 0.23026315789473684, 0.23684210526315788, 0.24342105263157893, 0.25, 0.256578947368421, 0.2631578947368421, 0.26973684210526316, 0.2763157894736842, 0.28289473684210525, 0.2894736842105263, 0.29605263157894735, 0.3026315789473684, 0.30921052631578944, 0.3157894736842105, 0.3223684210526316, 0.3289473684210526, 0.3355263157894737, 0.3421052631578947, 0.34868421052631576, 0.35526315789473684, 0.36184210526315785, 0.3684210526315789, 0.375, 0.381578947368421, 0.3881578947368421, 0.39473684210526316, 0.4013157894736842, 0.40789473684210525, 0.41447368421052627, 0.42105263157894735, 0.4276315789473684, 0.43421052631578944, 0.4407894736842105, 0.4473684210526315, 0.4539473684210526, 0.4605263157894737, 0.4671052631578947, 0.47368421052631576, 0.48026315789473684, 0.48684210526315785, 0.4934210526315789]
Amplitude: [99542.9547667543, 6205.479660760409, 2558.0707100123304, 7447.17987613665, 845.1942792455997, 3514.355794875251, 1635.5552193386734, 1548.279761928847, 1681.4976376339976, 1536.8454845639897, 2535.409888267583, 2004.707952377735, 218.91190518676052, 1815.0319153160806, 1263.8513900381856, 1988.576857199183, 1917.3138720891577, 473.03632159139164, 901.0836987978296, 818.6154441510541, 1104.5487054732826, 1200.5453586876035, 945.4741916622302, 814.0094521119968, 437.2451391115241, 1124.0279026415499, 815.2578859115831, 1176.8832449141757, 903.4313479323032, 574.3294943185306, 889.3443757558883, 633.4949143944974, 851.5264366843162, 794.2310490417102, 522.7243198140648, 828.0614540133738, 598.5955304139877, 647.3526248459966, 854.5561921964952, 468.71948678187124, 863.8338184195729, 568.6797879634081, 650.2793055240913, 789.3042821658738, 690.1000658511821, 771.3257019362443, 551.961623352761, 671.2684945099611, 837.5970709463422, 544.4745118791917, 874.8434096251534, 540.6315406889321, 610.2195068929916, 853.8104981975758, 649.9717152442275, 795.8908310517772, 714.7411270492228, 833.2668728327221, 586.2221819683734, 479.93600371257503, 660.4277604494754, 625.358040679835, 693.8467767445904, 531.8049371790448, 580.2324432675623, 533.0529442981331, 782.774040663278, 767.9006766860465, 486.02451326545, 653.5421604400578, 633.5001536130476, 682.6433637219297, 818.3713531222277, 458.3172736898536, 759.6185001290241, 824.2825114193063]

landmark_21:
Frequency (Hz): [0.0, 0.006578947368421052, 0.013157894736842105, 0.019736842105263157, 0.02631578947368421, 0.03289473684210526, 0.039473684210526314, 0.046052631578947366, 0.05263157894736842, 0.05921052631578947, 0.06578947368421052, 0.07236842105263158, 0.07894736842105263, 0.08552631578947367, 0.09210526315789473, 0.09868421052631579, 0.10526315789473684, 0.11184210526315788, 0.11842105263157894, 0.125, 0.13157894736842105, 0.1381578947368421, 0.14473684210526316, 0.1513157894736842, 0.15789473684210525, 0.1644736842105263, 0.17105263157894735, 0.17763157894736842, 0.18421052631578946, 0.1907894736842105, 0.19736842105263158, 0.20394736842105263, 0.21052631578947367, 0.21710526315789472, 0.22368421052631576, 0.23026315789473684, 0.23684210526315788, 0.24342105263157893, 0.25, 0.256578947368421, 0.2631578947368421, 0.26973684210526316, 0.2763157894736842, 0.28289473684210525, 0.2894736842105263, 0.29605263157894735, 0.3026315789473684, 0.30921052631578944, 0.3157894736842105, 0.3223684210526316, 0.3289473684210526, 0.3355263157894737, 0.3421052631578947, 0.34868421052631576, 0.35526315789473684, 0.36184210526315785, 0.3684210526315789, 0.375, 0.381578947368421, 0.3881578947368421, 0.39473684210526316, 0.4013157894736842, 0.40789473684210525, 0.41447368421052627, 0.42105263157894735, 0.4276315789473684, 0.43421052631578944, 0.4407894736842105, 0.4473684210526315, 0.4539473684210526, 0.4605263157894737, 0.4671052631578947, 0.47368421052631576, 0.48026315789473684, 0.48684210526315785, 0.4934210526315789]
Amplitude: [100560.48773984028, 7026.178746950195, 3588.5637077743913, 5754.108679876515, 2516.9239083201473, 749.7572201065873, 3001.718074825603, 1069.5106180460632, 1106.0956442297968, 559.4088880685971, 1742.8063863461718, 1527.9891476155103, 584.9420203538613, 691.6609963884509, 692.0490068840022, 1497.955660188328, 1467.5213099676755, 743.3240282269065, 718.2227211146535, 627.3924647584785, 1672.949865581816, 1457.4508049562035, 835.4097824473968, 214.88743180780818, 416.2866154843876, 884.1208615550177, 1493.1466045884774, 775.3545965104273, 939.1148873285266, 429.8949536158102, 670.61116585621, 792.8429697175943, 849.8609585126668, 1172.6905993257335, 751.9159861050374, 677.1745343615685, 516.5078782239857, 671.925177169426, 762.637023606112, 981.7322829312825, 751.7096121059622, 523.7902815102117, 419.90132522188895, 874.2685483312705, 826.6403408142996, 676.7790051027271, 661.3768487227281, 620.5886238829676, 1014.0661966100953, 603.5152060957926, 1044.0655390552856, 486.8909748333251, 710.9364806656129, 877.5977902078055, 917.8593987093317, 877.2096390009644, 556.2753125592557, 846.2475530358877, 532.8050922486168, 766.9741751360752, 739.4133453506502, 766.6082295233658, 587.217661674801, 593.1832864507235, 766.7281817686876, 680.5737433410649, 678.1040162641043, 697.9679481645877, 617.1352965614118, 702.8299910871075, 679.5728581405166, 838.7246595046131, 634.0358265935721, 644.668483308002, 808.9785494977873, 660.1010457197114]

landmark_22:
Frequency (Hz): [0.0, 0.006578947368421052, 0.013157894736842105, 0.019736842105263157, 0.02631578947368421, 0.03289473684210526, 0.039473684210526314, 0.046052631578947366, 0.05263157894736842, 0.05921052631578947, 0.06578947368421052, 0.07236842105263158, 0.07894736842105263, 0.08552631578947367, 0.09210526315789473, 0.09868421052631579, 0.10526315789473684, 0.11184210526315788, 0.11842105263157894, 0.125, 0.13157894736842105, 0.1381578947368421, 0.14473684210526316, 0.1513157894736842, 0.15789473684210525, 0.1644736842105263, 0.17105263157894735, 0.17763157894736842, 0.18421052631578946, 0.1907894736842105, 0.19736842105263158, 0.20394736842105263, 0.21052631578947367, 0.21710526315789472, 0.22368421052631576, 0.23026315789473684, 0.23684210526315788, 0.24342105263157893, 0.25, 0.256578947368421, 0.2631578947368421, 0.26973684210526316, 0.2763157894736842, 0.28289473684210525, 0.2894736842105263, 0.29605263157894735, 0.3026315789473684, 0.30921052631578944, 0.3157894736842105, 0.3223684210526316, 0.3289473684210526, 0.3355263157894737, 0.3421052631578947, 0.34868421052631576, 0.35526315789473684, 0.36184210526315785, 0.3684210526315789, 0.375, 0.381578947368421, 0.3881578947368421, 0.39473684210526316, 0.4013157894736842, 0.40789473684210525, 0.41447368421052627, 0.42105263157894735, 0.4276315789473684, 0.43421052631578944, 0.4407894736842105, 0.4473684210526315, 0.4539473684210526, 0.4605263157894737, 0.4671052631578947, 0.47368421052631576, 0.48026315789473684, 0.48684210526315785, 0.4934210526315789]
Amplitude: [97840.28376756037, 6248.195592635424, 2952.091574149172, 7061.125120138455, 834.0177305191199, 3298.1266107869956, 1661.924807369845, 1476.3620897781489, 1745.117777410252, 1509.8466672630989, 2430.8147221595223, 1854.9726418328357, 299.06596796680947, 1700.2182236620524, 1209.1325088493425, 1879.0993715497684, 1776.621173244425, 440.3638884581126, 873.3147612855797, 729.3083716135159, 1013.7718060671523, 1179.7308243643897, 896.9447399598889, 769.1809233656717, 393.8791890112838, 1049.0724252138757, 818.853601070097, 1104.2662456771652, 886.9909252054692, 531.0803901367809, 843.8136727787381, 657.3508767505751, 820.2168302388934, 792.8777148369031, 498.55868436214877, 770.2244283596564, 606.5284949269021, 624.4313571529473, 819.6261374825729, 479.0274215323991, 801.9324122072012, 571.5574925106185, 620.1995738547383, 759.7974547597114, 688.1834091499301, 717.1228351374994, 556.1013774264131, 645.7846860191936, 797.3503344571631, 554.0464483218434, 820.7533846695477, 541.5113608139067, 588.6133525125239, 808.5778608904455, 640.6736449427926, 749.4791577031685, 680.2005614866587, 800.2237782862567, 560.4845794291025, 490.46128497697254, 633.7440778186223, 602.8217197992125, 697.7101190436246, 510.938812762011, 559.7783962487276, 527.1514781406212, 740.7253274141456, 743.3936351241516, 458.61669512689963, 624.399917532671, 619.4959763764782, 646.8743481999086, 797.1978752587206, 450.6549627298433, 715.956352707986, 811.2544555987464]

landmark_23:
Frequency (Hz): [0.0, 0.006578947368421052, 0.013157894736842105, 0.019736842105263157, 0.02631578947368421, 0.03289473684210526, 0.039473684210526314, 0.046052631578947366, 0.05263157894736842, 0.05921052631578947, 0.06578947368421052, 0.07236842105263158, 0.07894736842105263, 0.08552631578947367, 0.09210526315789473, 0.09868421052631579, 0.10526315789473684, 0.11184210526315788, 0.11842105263157894, 0.125, 0.13157894736842105, 0.1381578947368421, 0.14473684210526316, 0.1513157894736842, 0.15789473684210525, 0.1644736842105263, 0.17105263157894735, 0.17763157894736842, 0.18421052631578946, 0.1907894736842105, 0.19736842105263158, 0.20394736842105263, 0.21052631578947367, 0.21710526315789472, 0.22368421052631576, 0.23026315789473684, 0.23684210526315788, 0.24342105263157893, 0.25, 0.256578947368421, 0.2631578947368421, 0.26973684210526316, 0.2763157894736842, 0.28289473684210525, 0.2894736842105263, 0.29605263157894735, 0.3026315789473684, 0.30921052631578944, 0.3157894736842105, 0.3223684210526316, 0.3289473684210526, 0.3355263157894737, 0.3421052631578947, 0.34868421052631576, 0.35526315789473684, 0.36184210526315785, 0.3684210526315789, 0.375, 0.381578947368421, 0.3881578947368421, 0.39473684210526316, 0.4013157894736842, 0.40789473684210525, 0.41447368421052627, 0.42105263157894735, 0.4276315789473684, 0.43421052631578944, 0.4407894736842105, 0.4473684210526315, 0.4539473684210526, 0.4605263157894737, 0.4671052631578947, 0.47368421052631576, 0.48026315789473684, 0.48684210526315785, 0.4934210526315789]
Amplitude: [72596.08647521892, 627.6537531347811, 1843.8024679666855, 1268.7163659850119, 642.2994936269201, 313.70203289501023, 622.0250053521295, 583.7745674544893, 567.725254027237, 588.1707925858309, 486.34134522932794, 565.2853877971182, 517.1872824461445, 508.68716608467093, 527.3663650592439, 476.55288691113265, 563.9493363536021, 445.871523985763, 466.4553584955944, 562.1928067167944, 495.1838679768282, 468.2850787684541, 492.7436194671761, 520.2161930688026, 504.4349954456323, 467.24381981862695, 515.8113535937104, 511.2292737762735, 447.2215717987644, 499.4153716393695, 509.1244194261275, 470.5690976891049, 486.23408624388463, 496.43398118918657, 486.49286817206087, 486.7004331548185, 493.7335596806006, 502.5962789779023, 459.20290938559265, 489.94955908530164, 522.6745559034213, 454.61921740206657, 476.7149328527133, 507.7197035112846, 485.973139774103, 480.0512252948276, 482.8846770033275, 495.955458052642, 492.03624758637187, 468.6383323233646, 502.2400789166615, 487.8719603327973, 462.8802729592252, 506.7025704118167, 491.40273821831096, 476.9242962056804, 487.49754299229727, 503.4304844708268, 485.0865094091424, 468.25012721197896, 502.08203162099795, 496.9741058614006, 469.3835750273429, 484.8973246765735, 505.39679337278517, 484.5446107748225, 462.3484590975835, 502.7703563718255, 499.39109537889436, 465.6733995788753, 492.0404745915277, 502.45578575653417, 481.5712845666201, 474.9130297018687, 498.69350993597106, 490.0790008421748]

landmark_24:
Frequency (Hz): [0.0, 0.006578947368421052, 0.013157894736842105, 0.019736842105263157, 0.02631578947368421, 0.03289473684210526, 0.039473684210526314, 0.046052631578947366, 0.05263157894736842, 0.05921052631578947, 0.06578947368421052, 0.07236842105263158, 0.07894736842105263, 0.08552631578947367, 0.09210526315789473, 0.09868421052631579, 0.10526315789473684, 0.11184210526315788, 0.11842105263157894, 0.125, 0.13157894736842105, 0.1381578947368421, 0.14473684210526316, 0.1513157894736842, 0.15789473684210525, 0.1644736842105263, 0.17105263157894735, 0.17763157894736842, 0.18421052631578946, 0.1907894736842105, 0.19736842105263158, 0.20394736842105263, 0.21052631578947367, 0.21710526315789472, 0.22368421052631576, 0.23026315789473684, 0.23684210526315788, 0.24342105263157893, 0.25, 0.256578947368421, 0.2631578947368421, 0.26973684210526316, 0.2763157894736842, 0.28289473684210525, 0.2894736842105263, 0.29605263157894735, 0.3026315789473684, 0.30921052631578944, 0.3157894736842105, 0.3223684210526316, 0.3289473684210526, 0.3355263157894737, 0.3421052631578947, 0.34868421052631576, 0.35526315789473684, 0.36184210526315785, 0.3684210526315789, 0.375, 0.381578947368421, 0.3881578947368421, 0.39473684210526316, 0.4013157894736842, 0.40789473684210525, 0.41447368421052627, 0.42105263157894735, 0.4276315789473684, 0.43421052631578944, 0.4407894736842105, 0.4473684210526315, 0.4539473684210526, 0.4605263157894737, 0.4671052631578947, 0.47368421052631576, 0.48026315789473684, 0.48684210526315785, 0.4934210526315789]
Amplitude: [70715.28306314, 1113.7172299420542, 2654.5239515321687, 48.85026809450083, 623.6541357779017, 328.07365576944795, 521.8099484900598, 688.3773667693259, 534.0042143620649, 494.38538696481754, 518.0933833001004, 501.2411727491837, 482.34073252199283, 512.2384532429743, 487.9127645010605, 466.0423506131899, 450.15111253552664, 472.6565193190067, 493.1416861136237, 400.6228892564816, 462.4338900213211, 486.33119423147025, 463.25550184763694, 443.8650537748031, 475.25399541689535, 460.79496997341636, 442.08719280706373, 473.5916831512566, 448.23328333551484, 442.8014516533819, 449.18147863832667, 471.5184207504083, 447.844985647829, 432.0211044001411, 478.1775763118839, 464.2683026067365, 433.5249489080078, 455.19578415617764, 471.7287710772476, 446.6420165321525, 434.13450562036996, 471.26171505730576, 455.32752282860605, 434.9132427914512, 454.78832136709315, 466.0003069833727, 455.7183244338048, 423.8133905034628, 468.3271082838595, 456.198714174822, 427.04200972380113, 466.2068617180232, 462.4444514684856, 438.5932701027477, 440.2037208939554, 467.3585657028856, 457.5631088091278, 439.220986628563, 454.42510995281623, 470.006251191479, 426.57865482121315, 448.36712559861866, 480.0196188117258, 443.9034014094005, 428.86789408454706, 460.1266644093687, 470.50898007896706, 435.1795215499075, 446.9348540470776, 462.31841097291647, 445.3820950738403, 448.848843769805, 455.7314930216097, 457.1026392601501, 443.51687308193686, 439.92932665778557]

landmark_25:
Frequency (Hz): [0.0, 0.006578947368421052, 0.013157894736842105, 0.019736842105263157, 0.02631578947368421, 0.03289473684210526, 0.039473684210526314, 0.046052631578947366, 0.05263157894736842, 0.05921052631578947, 0.06578947368421052, 0.07236842105263158, 0.07894736842105263, 0.08552631578947367, 0.09210526315789473, 0.09868421052631579, 0.10526315789473684, 0.11184210526315788, 0.11842105263157894, 0.125, 0.13157894736842105, 0.1381578947368421, 0.14473684210526316, 0.1513157894736842, 0.15789473684210525, 0.1644736842105263, 0.17105263157894735, 0.17763157894736842, 0.18421052631578946, 0.1907894736842105, 0.19736842105263158, 0.20394736842105263, 0.21052631578947367, 0.21710526315789472, 0.22368421052631576, 0.23026315789473684, 0.23684210526315788, 0.24342105263157893, 0.25, 0.256578947368421, 0.2631578947368421, 0.26973684210526316, 0.2763157894736842, 0.28289473684210525, 0.2894736842105263, 0.29605263157894735, 0.3026315789473684, 0.30921052631578944, 0.3157894736842105, 0.3223684210526316, 0.3289473684210526, 0.3355263157894737, 0.3421052631578947, 0.34868421052631576, 0.35526315789473684, 0.36184210526315785, 0.3684210526315789, 0.375, 0.381578947368421, 0.3881578947368421, 0.39473684210526316, 0.4013157894736842, 0.40789473684210525, 0.41447368421052627, 0.42105263157894735, 0.4276315789473684, 0.43421052631578944, 0.4407894736842105, 0.4473684210526315, 0.4539473684210526, 0.4605263157894737, 0.4671052631578947, 0.47368421052631576, 0.48026315789473684, 0.48684210526315785, 0.4934210526315789]
Amplitude: [65836.68080168068, 787.6231510147618, 1360.4814498269527, 1664.9049502607065, 700.9667917819189, 773.7386571314645, 758.2101601891031, 382.63481398254885, 336.1257674248056, 657.488772893339, 320.40056502171814, 573.1377402169749, 536.6861746945507, 200.20739792907375, 681.8009833035638, 424.82313925876616, 316.8577291570247, 589.2920724207105, 398.00148618753957, 474.97861010977476, 511.1322475511149, 371.3872989287796, 451.80641915612085, 499.8033786209846, 490.39336744997604, 424.8728653467073, 381.4877171327872, 524.0581915291242, 450.2591198063633, 394.04676826053264, 479.7155710224235, 451.63184726749444, 432.205313378427, 471.7485785385198, 440.70464596408823, 394.26382115914816, 472.23142497852155, 478.34093712156977, 361.4360518644765, 443.75093956335087, 517.3206291913283, 387.4847101053166, 422.42072263763487, 496.3732796928977, 438.08725140349253, 406.30188269279097, 449.4142548289404, 464.58937344674837, 431.14538574853316, 422.7425306730387, 479.10556510821755, 393.2268893173262, 443.6433645209425, 493.71713658425887, 386.68719768465314, 473.3034358805374, 471.2694930023169, 396.95353290808976, 464.0351178569721, 440.4053361281186, 430.6898140782861, 456.4697765642282, 415.14117544385687, 421.24538721381765, 487.5651483978645, 436.754883254833, 395.1672312687679, 471.1280132909141, 469.2358682583572, 437.66588228584516, 415.82411073944957, 442.8649432321217, 476.46953373910424, 403.7884981781153, 446.5673489678783, 478.33272678816513]

landmark_26:
Frequency (Hz): [0.0, 0.006578947368421052, 0.013157894736842105, 0.019736842105263157, 0.02631578947368421, 0.03289473684210526, 0.039473684210526314, 0.046052631578947366, 0.05263157894736842, 0.05921052631578947, 0.06578947368421052, 0.07236842105263158, 0.07894736842105263, 0.08552631578947367, 0.09210526315789473, 0.09868421052631579, 0.10526315789473684, 0.11184210526315788, 0.11842105263157894, 0.125, 0.13157894736842105, 0.1381578947368421, 0.14473684210526316, 0.1513157894736842, 0.15789473684210525, 0.1644736842105263, 0.17105263157894735, 0.17763157894736842, 0.18421052631578946, 0.1907894736842105, 0.19736842105263158, 0.20394736842105263, 0.21052631578947367, 0.21710526315789472, 0.22368421052631576, 0.23026315789473684, 0.23684210526315788, 0.24342105263157893, 0.25, 0.256578947368421, 0.2631578947368421, 0.26973684210526316, 0.2763157894736842, 0.28289473684210525, 0.2894736842105263, 0.29605263157894735, 0.3026315789473684, 0.30921052631578944, 0.3157894736842105, 0.3223684210526316, 0.3289473684210526, 0.3355263157894737, 0.3421052631578947, 0.34868421052631576, 0.35526315789473684, 0.36184210526315785, 0.3684210526315789, 0.375, 0.381578947368421, 0.3881578947368421, 0.39473684210526316, 0.4013157894736842, 0.40789473684210525, 0.41447368421052627, 0.42105263157894735, 0.4276315789473684, 0.43421052631578944, 0.4407894736842105, 0.4473684210526315, 0.4539473684210526, 0.4605263157894737, 0.4671052631578947, 0.47368421052631576, 0.48026315789473684, 0.48684210526315785, 0.4934210526315789]
Amplitude: [63029.84189949793, 816.2652480255506, 2785.7729965181634, 768.4309492200719, 721.3675067633541, 509.2659674327122, 563.9387820170714, 493.2073636287033, 585.7166530512711, 338.31679317838484, 592.4960304505851, 408.6245227581543, 511.5487727924056, 421.9032492885968, 481.32684480328555, 356.8145251677627, 420.1409650328044, 402.11980393261894, 482.3185657112737, 341.54385639293497, 365.5503889596353, 448.11796085018165, 377.1338326084893, 424.6915905286622, 396.106027037145, 439.05797136591224, 399.9135876684336, 385.2205571260628, 456.4975955444764, 381.9272495357264, 395.2510910425679, 423.71078433671744, 412.57823193743144, 434.57930636654885, 405.64141802547897, 451.2816787496176, 347.5739065340639, 382.4911582394725, 433.15394690245387, 424.69413944168065, 375.92212615073026, 405.7807356661036, 396.1456230474985, 379.8160485426678, 394.3367548814779, 453.44883345218227, 397.47441029966683, 415.36446362265895, 405.43285486375567, 397.0719089996516, 392.81406085673666, 427.33019818482086, 421.21725459010196, 384.08836228125455, 380.7182092808528, 444.541477808198, 375.87629640864844, 406.45792831762606, 383.943962807214, 427.0562937116356, 375.2609748560082, 361.6884996592276, 437.1121540180089, 400.3216205347221, 374.7358866257486, 396.83334766574706, 404.3402994096116, 393.84581324132154, 369.42989462175024, 434.8964035016148, 388.57690531966887, 379.48335047210566, 405.4091268051071, 420.8462196137243, 385.0561051280666, 378.078656013947]

landmark_27:
Frequency (Hz): [0.0, 0.006578947368421052, 0.013157894736842105, 0.019736842105263157, 0.02631578947368421, 0.03289473684210526, 0.039473684210526314, 0.046052631578947366, 0.05263157894736842, 0.05921052631578947, 0.06578947368421052, 0.07236842105263158, 0.07894736842105263, 0.08552631578947367, 0.09210526315789473, 0.09868421052631579, 0.10526315789473684, 0.11184210526315788, 0.11842105263157894, 0.125, 0.13157894736842105, 0.1381578947368421, 0.14473684210526316, 0.1513157894736842, 0.15789473684210525, 0.1644736842105263, 0.17105263157894735, 0.17763157894736842, 0.18421052631578946, 0.1907894736842105, 0.19736842105263158, 0.20394736842105263, 0.21052631578947367, 0.21710526315789472, 0.22368421052631576, 0.23026315789473684, 0.23684210526315788, 0.24342105263157893, 0.25, 0.256578947368421, 0.2631578947368421, 0.26973684210526316, 0.2763157894736842, 0.28289473684210525, 0.2894736842105263, 0.29605263157894735, 0.3026315789473684, 0.30921052631578944, 0.3157894736842105, 0.3223684210526316, 0.3289473684210526, 0.3355263157894737, 0.3421052631578947, 0.34868421052631576, 0.35526315789473684, 0.36184210526315785, 0.3684210526315789, 0.375, 0.381578947368421, 0.3881578947368421, 0.39473684210526316, 0.4013157894736842, 0.40789473684210525, 0.41447368421052627, 0.42105263157894735, 0.4276315789473684, 0.43421052631578944, 0.4407894736842105, 0.4473684210526315, 0.4539473684210526, 0.4605263157894737, 0.4671052631578947, 0.47368421052631576, 0.48026315789473684, 0.48684210526315785, 0.4934210526315789]
Amplitude: [65056.19608551785, 3153.2399584660348, 977.5271079278289, 2629.7178670952862, 1389.6371990394678, 1802.5702215342592, 1118.9730917652694, 55.25796436652826, 147.4032223281712, 800.811032908967, 474.49300207418963, 444.8140150208629, 587.0871003734795, 151.3611599897939, 1093.948229994147, 410.50429249269075, 58.09429860818048, 783.0073025161387, 482.47018329551435, 409.61644125666584, 707.4213940357416, 173.34551004487363, 540.4511100569636, 699.9098084817629, 392.1727514670102, 445.4356042550234, 355.241173153834, 625.0122261395894, 531.1700808623333, 287.7107983914062, 532.1060581208017, 465.2248990724999, 363.02981266589074, 559.359716754623, 440.6839941847988, 344.0189127275538, 527.1543201926278, 516.4407163508869, 283.26337453336316, 492.5760037406237, 560.5988662467767, 354.00571103215174, 387.4507263741406, 584.0455539624899, 390.19933126306603, 391.7108324970799, 462.6798275050149, 519.7668291937297, 433.3386846776645, 455.03299925932254, 502.4118711709399, 353.63257204008755, 549.4525243908815, 497.24166191797445, 279.5249735938026, 538.3703102054235, 547.6040959495735, 337.97039146570563, 507.4844064001725, 449.8273045518926, 374.74167238070703, 519.0970234661818, 435.66838970174797, 349.8850390904653, 588.4258103363057, 437.9123633955411, 320.93001063125695, 479.82142744855514, 515.2798403634521, 460.01847326918346, 381.7595165748525, 446.39921736541436, 553.5055292312385, 312.2647427841065, 488.7128359527154, 545.4350809163418]

landmark_28:
Frequency (Hz): [0.0, 0.006578947368421052, 0.013157894736842105, 0.019736842105263157, 0.02631578947368421, 0.03289473684210526, 0.039473684210526314, 0.046052631578947366, 0.05263157894736842, 0.05921052631578947, 0.06578947368421052, 0.07236842105263158, 0.07894736842105263, 0.08552631578947367, 0.09210526315789473, 0.09868421052631579, 0.10526315789473684, 0.11184210526315788, 0.11842105263157894, 0.125, 0.13157894736842105, 0.1381578947368421, 0.14473684210526316, 0.1513157894736842, 0.15789473684210525, 0.1644736842105263, 0.17105263157894735, 0.17763157894736842, 0.18421052631578946, 0.1907894736842105, 0.19736842105263158, 0.20394736842105263, 0.21052631578947367, 0.21710526315789472, 0.22368421052631576, 0.23026315789473684, 0.23684210526315788, 0.24342105263157893, 0.25, 0.256578947368421, 0.2631578947368421, 0.26973684210526316, 0.2763157894736842, 0.28289473684210525, 0.2894736842105263, 0.29605263157894735, 0.3026315789473684, 0.30921052631578944, 0.3157894736842105, 0.3223684210526316, 0.3289473684210526, 0.3355263157894737, 0.3421052631578947, 0.34868421052631576, 0.35526315789473684, 0.36184210526315785, 0.3684210526315789, 0.375, 0.381578947368421, 0.3881578947368421, 0.39473684210526316, 0.4013157894736842, 0.40789473684210525, 0.41447368421052627, 0.42105263157894735, 0.4276315789473684, 0.43421052631578944, 0.4407894736842105, 0.4473684210526315, 0.4539473684210526, 0.4605263157894737, 0.4671052631578947, 0.47368421052631576, 0.48026315789473684, 0.48684210526315785, 0.4934210526315789]
Amplitude: [63117.77644001639, 597.4778745888673, 3583.5581875568446, 3371.630177240849, 1438.77650127576, 1113.919594468582, 513.3468783094834, 1249.1668535136691, 594.1495392846093, 727.0609235556632, 896.9133127062754, 685.4446269384264, 230.61381370381417, 486.5072137138528, 542.3833796394938, 358.38274600162936, 424.5189061741214, 832.3661187425258, 338.31639209397594, 615.1653223399519, 295.5662287264962, 311.36156530739396, 399.0900444629661, 480.5168359446826, 362.7764640194577, 326.3737213866956, 561.7943997799381, 398.70224783036826, 420.95859746412395, 425.0640063035985, 527.0644073628738, 414.83278348569183, 453.46936159966407, 575.5293034936739, 460.5309833504319, 430.9623121195431, 349.8404669765837, 248.53374669970964, 503.2093519009768, 496.7281682588373, 389.04570312475647, 317.03319161931154, 375.1970598359998, 474.6415823564692, 366.03197306875984, 562.7808038195526, 377.0310342972825, 551.6763541437143, 381.022944112789, 403.6106334814169, 424.6567218287125, 518.8577036070184, 397.729026677023, 416.7807831939637, 373.2760874112769, 507.02844743984684, 296.2293944639394, 461.34017169856935, 425.6151678538963, 417.48871304227043, 407.4684715942294, 338.43966492089294, 359.9499863422499, 414.4554924324639, 383.1238979850206, 361.2816853290047, 249.32509931205752, 467.071202435259, 361.7669688706701, 451.369853220472, 359.8009265886336, 402.12276518255203, 428.3485768814858, 430.35785975055603, 362.12463491024306, 389.18573121584257]

landmark_29:
Frequency (Hz): [0.0, 0.006578947368421052, 0.013157894736842105, 0.019736842105263157, 0.02631578947368421, 0.03289473684210526, 0.039473684210526314, 0.046052631578947366, 0.05263157894736842, 0.05921052631578947, 0.06578947368421052, 0.07236842105263158, 0.07894736842105263, 0.08552631578947367, 0.09210526315789473, 0.09868421052631579, 0.10526315789473684, 0.11184210526315788, 0.11842105263157894, 0.125, 0.13157894736842105, 0.1381578947368421, 0.14473684210526316, 0.1513157894736842, 0.15789473684210525, 0.1644736842105263, 0.17105263157894735, 0.17763157894736842, 0.18421052631578946, 0.1907894736842105, 0.19736842105263158, 0.20394736842105263, 0.21052631578947367, 0.21710526315789472, 0.22368421052631576, 0.23026315789473684, 0.23684210526315788, 0.24342105263157893, 0.25, 0.256578947368421, 0.2631578947368421, 0.26973684210526316, 0.2763157894736842, 0.28289473684210525, 0.2894736842105263, 0.29605263157894735, 0.3026315789473684, 0.30921052631578944, 0.3157894736842105, 0.3223684210526316, 0.3289473684210526, 0.3355263157894737, 0.3421052631578947, 0.34868421052631576, 0.35526315789473684, 0.36184210526315785, 0.3684210526315789, 0.375, 0.381578947368421, 0.3881578947368421, 0.39473684210526316, 0.4013157894736842, 0.40789473684210525, 0.41447368421052627, 0.42105263157894735, 0.4276315789473684, 0.43421052631578944, 0.4407894736842105, 0.4473684210526315, 0.4539473684210526, 0.4605263157894737, 0.4671052631578947, 0.47368421052631576, 0.48026315789473684, 0.48684210526315785, 0.4934210526315789]
Amplitude: [64820.09236811163, 3253.821968216145, 829.6187499178338, 2448.0942752485084, 1479.387354020516, 1927.6411728918424, 1286.9070898455614, 131.83958328439223, 165.1352546713024, 782.5651903483579, 565.3990116601693, 413.79798058238, 547.4375995092015, 142.44260687298757, 1127.6638033045886, 443.2317306812186, 21.227957711368386, 816.4837685261178, 504.0761190717315, 419.03500034826163, 759.1523309759037, 161.94613434664188, 534.5132532368988, 761.2476237540552, 352.5084191244738, 447.28800283809915, 345.6211033638384, 625.0068993271849, 550.4350255543009, 281.1154682958449, 541.2125162616255, 476.7114286513724, 322.0524219186836, 602.268470919405, 428.64588783537704, 334.32177138529397, 547.3506878838374, 505.7575044536404, 274.4488305284505, 485.1558332436672, 563.9414231670456, 357.6905824348867, 379.3691868256399, 594.1146606593369, 372.16779593690086, 386.3445408454103, 486.473793441374, 521.0695663494664, 407.97306805541945, 465.95347846123053, 498.83215198942287, 377.59226257661226, 549.8980340280169, 484.71905321301074, 265.02556107081773, 550.6288586780216, 549.9177272015179, 326.3307240175432, 508.51282921385433, 462.51395980151835, 348.13322980037833, 522.8602791176729, 444.6876383293415, 329.9241048214764, 604.0956123897809, 427.7766980185382, 305.42307739132735, 488.86160880370284, 520.84710752603, 459.06504296278246, 361.4313641243444, 454.6043406484, 560.6818895878235, 300.54917678809693, 495.68773779786613, 552.4866175415235]

landmark_30:
Frequency (Hz): [0.0, 0.006578947368421052, 0.013157894736842105, 0.019736842105263157, 0.02631578947368421, 0.03289473684210526, 0.039473684210526314, 0.046052631578947366, 0.05263157894736842, 0.05921052631578947, 0.06578947368421052, 0.07236842105263158, 0.07894736842105263, 0.08552631578947367, 0.09210526315789473, 0.09868421052631579, 0.10526315789473684, 0.11184210526315788, 0.11842105263157894, 0.125, 0.13157894736842105, 0.1381578947368421, 0.14473684210526316, 0.1513157894736842, 0.15789473684210525, 0.1644736842105263, 0.17105263157894735, 0.17763157894736842, 0.18421052631578946, 0.1907894736842105, 0.19736842105263158, 0.20394736842105263, 0.21052631578947367, 0.21710526315789472, 0.22368421052631576, 0.23026315789473684, 0.23684210526315788, 0.24342105263157893, 0.25, 0.256578947368421, 0.2631578947368421, 0.26973684210526316, 0.2763157894736842, 0.28289473684210525, 0.2894736842105263, 0.29605263157894735, 0.3026315789473684, 0.30921052631578944, 0.3157894736842105, 0.3223684210526316, 0.3289473684210526, 0.3355263157894737, 0.3421052631578947, 0.34868421052631576, 0.35526315789473684, 0.36184210526315785, 0.3684210526315789, 0.375, 0.381578947368421, 0.3881578947368421, 0.39473684210526316, 0.4013157894736842, 0.40789473684210525, 0.41447368421052627, 0.42105263157894735, 0.4276315789473684, 0.43421052631578944, 0.4407894736842105, 0.4473684210526315, 0.4539473684210526, 0.4605263157894737, 0.4671052631578947, 0.47368421052631576, 0.48026315789473684, 0.48684210526315785, 0.4934210526315789]
Amplitude: [63149.033126930604, 973.0605404923548, 4000.8736304873614, 3937.0599010960555, 1502.471346926186, 1228.5078507001492, 569.1544836234496, 1424.370122380025, 654.723316030701, 877.1140606707039, 930.7705939884733, 712.7759185897083, 178.50419558583457, 549.562093114881, 590.7518333819777, 393.3540148183516, 439.17028121634087, 838.211346646495, 371.79250671765726, 689.8103957892203, 286.8468144792433, 250.48418576220408, 433.34830596870654, 512.3021042557533, 312.93699991863235, 306.3306629972516, 579.2053012728828, 436.65125805942273, 410.58137238480555, 422.4051835912362, 552.0214460473809, 443.1602157304176, 459.6461417862557, 566.9786074371996, 463.26075733113294, 459.5854082805066, 339.2656914327692, 238.06661955358763, 508.0121367416949, 509.59760905276653, 382.47986952933417, 323.99186526589745, 376.40902443883, 501.53753508393186, 370.13397964048846, 590.8262914030568, 352.2531292397823, 590.7927106974548, 378.3084142780738, 400.50548584357045, 422.03028021825594, 546.5471776469684, 400.0509670048996, 417.08087122010124, 370.8990221621948, 521.195441603938, 289.44115979578567, 488.4513407134019, 416.6253270464929, 426.27278693713714, 408.4812711212858, 347.3004936770213, 349.5070927425929, 418.70720039213256, 381.129942310798, 349.0004723117658, 235.39479672691752, 485.00416384776054, 361.2868069229042, 454.19827783150555, 352.889013843337, 418.13790905220475, 441.39338083401174, 430.52865946397054, 354.4146387405712, 394.6815170910517]

landmark_31:
Frequency (Hz): [0.0, 0.006578947368421052, 0.013157894736842105, 0.019736842105263157, 0.02631578947368421, 0.03289473684210526, 0.039473684210526314, 0.046052631578947366, 0.05263157894736842, 0.05921052631578947, 0.06578947368421052, 0.07236842105263158, 0.07894736842105263, 0.08552631578947367, 0.09210526315789473, 0.09868421052631579, 0.10526315789473684, 0.11184210526315788, 0.11842105263157894, 0.125, 0.13157894736842105, 0.1381578947368421, 0.14473684210526316, 0.1513157894736842, 0.15789473684210525, 0.1644736842105263, 0.17105263157894735, 0.17763157894736842, 0.18421052631578946, 0.1907894736842105, 0.19736842105263158, 0.20394736842105263, 0.21052631578947367, 0.21710526315789472, 0.22368421052631576, 0.23026315789473684, 0.23684210526315788, 0.24342105263157893, 0.25, 0.256578947368421, 0.2631578947368421, 0.26973684210526316, 0.2763157894736842, 0.28289473684210525, 0.2894736842105263, 0.29605263157894735, 0.3026315789473684, 0.30921052631578944, 0.3157894736842105, 0.3223684210526316, 0.3289473684210526, 0.3355263157894737, 0.3421052631578947, 0.34868421052631576, 0.35526315789473684, 0.36184210526315785, 0.3684210526315789, 0.375, 0.381578947368421, 0.3881578947368421, 0.39473684210526316, 0.4013157894736842, 0.40789473684210525, 0.41447368421052627, 0.42105263157894735, 0.4276315789473684, 0.43421052631578944, 0.4407894736842105, 0.4473684210526315, 0.4539473684210526, 0.4605263157894737, 0.4671052631578947, 0.47368421052631576, 0.48026315789473684, 0.48684210526315785, 0.4934210526315789]
Amplitude: [61766.25366216053, 3059.072003871597, 2103.4066525102826, 3707.482383559206, 1498.2752944376236, 1719.5695228708032, 1067.0002242409576, 108.20103947630771, 159.4169301575694, 766.3797449406604, 442.95100915534226, 428.11696688607464, 577.0066471283322, 154.77120381242997, 954.3300260519161, 308.85484957378884, 111.31492877902224, 813.7550301303611, 292.99005966426444, 388.3406198128158, 787.1982539045526, 192.9920013597664, 455.080314107786, 640.3880853660368, 373.5591856114946, 486.3168807874355, 369.4284579089969, 539.5295381445742, 475.50438230953426, 278.7062801170155, 492.5331888873518, 445.7866216558456, 362.7972891653936, 522.5254839284828, 398.09614969012307, 309.51702399363876, 504.59292911482424, 488.9404613055433, 249.87324726371014, 455.49369511962715, 524.2091467117049, 336.3844288441981, 407.5946250627186, 522.2119793589475, 408.42475049669304, 356.9663966170168, 427.8109393468175, 461.9008939595768, 386.07636481822686, 456.84389381396824, 462.1493443983144, 310.3738324385175, 517.6336995250115, 464.3795373005595, 267.05197621046125, 516.7517800003886, 499.3799338121348, 269.4111646502697, 479.72466215802683, 454.0529041067087, 318.10329977278394, 482.0291937287233, 413.60595622061703, 325.51592844877956, 555.2502691920818, 418.5268874287696, 299.4380891034434, 472.7378217918784, 460.3575349021881, 441.2865338659046, 355.26206830130553, 405.643894132377, 530.4482874470445, 290.47914217239446, 459.01407376053754, 527.2823334373254]

landmark_32:
Frequency (Hz): [0.0, 0.006578947368421052, 0.013157894736842105, 0.019736842105263157, 0.02631578947368421, 0.03289473684210526, 0.039473684210526314, 0.046052631578947366, 0.05263157894736842, 0.05921052631578947, 0.06578947368421052, 0.07236842105263158, 0.07894736842105263, 0.08552631578947367, 0.09210526315789473, 0.09868421052631579, 0.10526315789473684, 0.11184210526315788, 0.11842105263157894, 0.125, 0.13157894736842105, 0.1381578947368421, 0.14473684210526316, 0.1513157894736842, 0.15789473684210525, 0.1644736842105263, 0.17105263157894735, 0.17763157894736842, 0.18421052631578946, 0.1907894736842105, 0.19736842105263158, 0.20394736842105263, 0.21052631578947367, 0.21710526315789472, 0.22368421052631576, 0.23026315789473684, 0.23684210526315788, 0.24342105263157893, 0.25, 0.256578947368421, 0.2631578947368421, 0.26973684210526316, 0.2763157894736842, 0.28289473684210525, 0.2894736842105263, 0.29605263157894735, 0.3026315789473684, 0.30921052631578944, 0.3157894736842105, 0.3223684210526316, 0.3289473684210526, 0.3355263157894737, 0.3421052631578947, 0.34868421052631576, 0.35526315789473684, 0.36184210526315785, 0.3684210526315789, 0.375, 0.381578947368421, 0.3881578947368421, 0.39473684210526316, 0.4013157894736842, 0.40789473684210525, 0.41447368421052627, 0.42105263157894735, 0.4276315789473684, 0.43421052631578944, 0.4407894736842105, 0.4473684210526315, 0.4539473684210526, 0.4605263157894737, 0.4671052631578947, 0.47368421052631576, 0.48026315789473684, 0.48684210526315785, 0.4934210526315789]
Amplitude: [57772.78956198952, 1041.6141450205723, 2284.4069413136403, 1625.1691894188623, 1566.9999405004764, 1095.7579064748006, 404.5680843460918, 1256.870271071411, 545.3722918406352, 567.7010262154286, 728.6891270025047, 658.73471462612, 126.83783779548298, 273.9006786178576, 426.4367295858388, 257.01954388992436, 435.81490864682985, 778.373494548743, 296.57814563293306, 406.0236355049651, 357.22942126179385, 333.3246391436801, 283.14469712970714, 440.7866589442231, 241.65352236791662, 296.239300223351, 486.61557053791313, 360.6117477721845, 436.2538290226589, 290.94442682606876, 443.2410239527237, 426.0805294029873, 426.3573024099208, 500.19773840138726, 311.90132583277824, 456.02696247647935, 259.28085100986243, 206.52456785362705, 497.1171814390702, 373.119618865466, 288.0663686709072, 347.0210033854532, 357.11789014855543, 323.8207769241568, 304.0654088293557, 501.0660562952813, 339.9260989194514, 438.1498544057577, 375.4963384000245, 356.6671691198839, 313.26173118014833, 419.2689548006483, 367.68264197125296, 352.9686617066972, 298.5099582255788, 451.35465551524135, 270.6980638986352, 409.39166966244255, 296.2215253286612, 411.92947262702506, 318.6660880375619, 286.6877669495898, 346.2404219411183, 325.7579263358454, 288.9593132921595, 279.430230048898, 277.04313661827507, 409.0305591534853, 249.2613822890109, 448.5476212569275, 304.4838013329088, 345.1592729887058, 355.17602604995085, 377.93142421571264, 278.66304411138856, 346.136190348563]

