landmark_0:
Frequency (Hz): [0.0, 0.006756756756756757, 0.013513513513513514, 0.02027027027027027, 0.02702702702702703, 0.033783783783783786, 0.04054054054054054, 0.0472972972972973, 0.05405405405405406, 0.060810810810810814, 0.06756756756756757, 0.07432432432432433, 0.08108108108108109, 0.08783783783783784, 0.0945945945945946, 0.10135135135135136, 0.10810810810810811, 0.11486486486486487, 0.12162162162162163, 0.1283783783783784, 0.13513513513513514, 0.14189189189189189, 0.14864864864864866, 0.15540540540540543, 0.16216216216216217, 0.16891891891891891, 0.17567567567567569, 0.18243243243243246, 0.1891891891891892, 0.19594594594594594, 0.20270270270270271, 0.20945945945945948, 0.21621621621621623, 0.22297297297297297, 0.22972972972972974, 0.2364864864864865, 0.24324324324324326, 0.25, 0.2567567567567568, 0.26351351351351354, 0.2702702702702703, 0.27702702702702703, 0.28378378378378377, 0.29054054054054057, 0.2972972972972973, 0.30405405405405406, 0.31081081081081086, 0.3175675675675676, 0.32432432432432434, 0.3310810810810811, 0.33783783783783783, 0.3445945945945946, 0.35135135135135137, 0.3581081081081081, 0.3648648648648649, 0.37162162162162166, 0.3783783783783784, 0.38513513513513514, 0.3918918918918919, 0.3986486486486487, 0.40540540540540543, 0.41216216216216217, 0.41891891891891897, 0.4256756756756757, 0.43243243243243246, 0.4391891891891892, 0.44594594594594594, 0.45270270270270274, 0.4594594594594595, 0.46621621621621623, 0.472972972972973, 0.47972972972972977, 0.4864864864864865, 0.49324324324324326]
Amplitude: [89393.29453921618, 1565.842237811194, 2814.0040012819795, 1530.1524189604513, 1480.1458695115284, 1170.0742277629886, 1114.1515056828464, 890.407860842647, 889.5266239069945, 821.2286563597336, 1228.3366832193096, 1256.0667691326278, 1354.8707821812313, 1279.7322431930838, 964.6762172024502, 1109.1650750923336, 1164.4373119913214, 1076.5156230658786, 1081.8814641384593, 1072.2724110204365, 1099.5118876371157, 1116.6059733900786, 1108.1664682638273, 1024.8892077002306, 1075.026785492726, 1033.5571802455204, 933.7328736354011, 1025.6137612866917, 980.0790369058234, 1001.0301874093043, 980.2442070065047, 981.9627997847712, 943.1512135230328, 883.2771123985189, 889.8709553277075, 880.8646671057878, 842.9316797356649, 840.7928338157848, 814.0637660360259, 837.0036718796025, 807.6993546640977, 762.1524209939065, 750.5361914830371, 724.7861062915581, 668.4161167539813, 694.0042367715739, 662.279891902578, 615.3996731292315, 685.2347500714191, 631.282962233344, 561.4377007331981, 514.5853314100642, 539.3802590919153, 515.7732709585773, 510.4128694025307, 481.2401275904156, 426.24569281920174, 418.48777318685876, 401.0332693544385, 401.04966747581744, 359.81604149224853, 303.6657652601274, 268.06890197735555, 293.7380838223391, 237.44474991868296, 220.87840219005224, 234.8809544685281, 181.56087781613442, 144.96476484544942, 128.08794573774904, 80.02164555740681, 63.18695187598641, 76.27678487429436, 34.845662898155304]

landmark_1:
Frequency (Hz): [0.0, 0.006756756756756757, 0.013513513513513514, 0.02027027027027027, 0.02702702702702703, 0.033783783783783786, 0.04054054054054054, 0.0472972972972973, 0.05405405405405406, 0.060810810810810814, 0.06756756756756757, 0.07432432432432433, 0.08108108108108109, 0.08783783783783784, 0.0945945945945946, 0.10135135135135136, 0.10810810810810811, 0.11486486486486487, 0.12162162162162163, 0.1283783783783784, 0.13513513513513514, 0.14189189189189189, 0.14864864864864866, 0.15540540540540543, 0.16216216216216217, 0.16891891891891891, 0.17567567567567569, 0.18243243243243246, 0.1891891891891892, 0.19594594594594594, 0.20270270270270271, 0.20945945945945948, 0.21621621621621623, 0.22297297297297297, 0.22972972972972974, 0.2364864864864865, 0.24324324324324326, 0.25, 0.2567567567567568, 0.26351351351351354, 0.2702702702702703, 0.27702702702702703, 0.28378378378378377, 0.29054054054054057, 0.2972972972972973, 0.30405405405405406, 0.31081081081081086, 0.3175675675675676, 0.32432432432432434, 0.3310810810810811, 0.33783783783783783, 0.3445945945945946, 0.35135135135135137, 0.3581081081081081, 0.3648648648648649, 0.37162162162162166, 0.3783783783783784, 0.38513513513513514, 0.3918918918918919, 0.3986486486486487, 0.40540540540540543, 0.41216216216216217, 0.41891891891891897, 0.4256756756756757, 0.43243243243243246, 0.4391891891891892, 0.44594594594594594, 0.45270270270270274, 0.4594594594594595, 0.46621621621621623, 0.472972972972973, 0.47972972972972977, 0.4864864864864865, 0.49324324324324326]
Amplitude: [89974.78559699349, 1498.0318041228961, 2686.000143222803, 1362.98480794956, 1325.8547705279511, 1089.8157897184228, 1122.709765481022, 969.677161587372, 893.9892485423064, 905.9093712703857, 1241.6361756037243, 1254.9776403330955, 1315.5335957428576, 1301.22024026662, 1007.72315440859, 1153.9680725223832, 1175.5933001331757, 1106.9720897618809, 1079.3462381773745, 1109.406658985108, 1114.1914180916044, 1157.8026472471731, 1130.7264601307713, 1059.800796350899, 1087.4563887563506, 1063.431992074164, 965.3151162613011, 1040.426388763324, 994.565801841206, 1017.8544266842829, 1005.4545822544418, 1008.0598149837491, 964.457139449866, 903.9949871583268, 910.5469090826192, 899.1176705309518, 869.642107532991, 860.1623004309592, 829.9813432612, 855.6609180419963, 820.1919150228226, 786.5577334454658, 762.9169514133299, 729.2889576115392, 689.7277090527994, 714.0156623438152, 679.3174692784476, 634.1739803459931, 684.3906451793082, 636.0509096789426, 581.5713947470641, 538.1014007120871, 549.8652361581637, 526.6956535718689, 512.9678145232759, 492.97481258067427, 438.4178912086036, 426.43006160925904, 402.66633553455836, 403.9869749283916, 365.24552713688917, 322.6396809879173, 276.632664017481, 295.0577402882606, 243.68111381381087, 216.09913735573917, 237.20458994552223, 187.11644885224197, 144.6302912925116, 132.85891378505164, 92.1600929741669, 60.79192831220691, 71.54668058125206, 29.087903504457337]

landmark_2:
Frequency (Hz): [0.0, 0.006756756756756757, 0.013513513513513514, 0.02027027027027027, 0.02702702702702703, 0.033783783783783786, 0.04054054054054054, 0.0472972972972973, 0.05405405405405406, 0.060810810810810814, 0.06756756756756757, 0.07432432432432433, 0.08108108108108109, 0.08783783783783784, 0.0945945945945946, 0.10135135135135136, 0.10810810810810811, 0.11486486486486487, 0.12162162162162163, 0.1283783783783784, 0.13513513513513514, 0.14189189189189189, 0.14864864864864866, 0.15540540540540543, 0.16216216216216217, 0.16891891891891891, 0.17567567567567569, 0.18243243243243246, 0.1891891891891892, 0.19594594594594594, 0.20270270270270271, 0.20945945945945948, 0.21621621621621623, 0.22297297297297297, 0.22972972972972974, 0.2364864864864865, 0.24324324324324326, 0.25, 0.2567567567567568, 0.26351351351351354, 0.2702702702702703, 0.27702702702702703, 0.28378378378378377, 0.29054054054054057, 0.2972972972972973, 0.30405405405405406, 0.31081081081081086, 0.3175675675675676, 0.32432432432432434, 0.3310810810810811, 0.33783783783783783, 0.3445945945945946, 0.35135135135135137, 0.3581081081081081, 0.3648648648648649, 0.37162162162162166, 0.3783783783783784, 0.38513513513513514, 0.3918918918918919, 0.3986486486486487, 0.40540540540540543, 0.41216216216216217, 0.41891891891891897, 0.4256756756756757, 0.43243243243243246, 0.4391891891891892, 0.44594594594594594, 0.45270270270270274, 0.4594594594594595, 0.46621621621621623, 0.472972972972973, 0.47972972972972977, 0.4864864864864865, 0.49324324324324326]
Amplitude: [89988.75795431726, 1470.300124158696, 2732.666487445772, 1334.7531251172745, 1332.083220286568, 1090.5360105587079, 1117.692287816168, 981.9872977391336, 888.6451981713724, 906.712576601564, 1252.9831271133096, 1260.4102405187778, 1317.677957389655, 1301.5945576669346, 1008.3645173403644, 1152.813551589908, 1179.5678855812241, 1105.3115778200893, 1081.4450445679827, 1109.0483406375195, 1116.2603473560619, 1159.3810769594725, 1134.1758720178548, 1062.202427875854, 1088.9117231007347, 1064.7757962792307, 962.3015573724495, 1041.2999728921118, 996.8371612116988, 1019.6191419089268, 1006.7888578496771, 1010.5090069960827, 964.9927659642776, 904.6080243586704, 912.6522386309304, 899.8706354538807, 869.6497049379149, 860.4729932377655, 830.614192701272, 856.3508057081962, 821.3643702997778, 788.0481982393077, 763.2486790486827, 730.291737814396, 690.1225048356357, 714.4986962595958, 678.8730359788946, 635.5940847187161, 684.4884261295117, 637.2913982809511, 583.551538830824, 539.614372683487, 549.5326742748872, 528.0733292060712, 513.4354574780812, 493.58544957649644, 438.75476566586684, 427.0227162998888, 402.0548892827061, 403.6246730044684, 365.02437493915915, 324.0619915085173, 277.06314029897356, 294.9729746538258, 244.0955141182604, 217.00068656995467, 236.06805984721058, 188.56326883075778, 145.93615498040688, 133.1171559181474, 91.53971128441566, 61.16500358214083, 71.34636679584071, 27.770800107752926]

landmark_3:
Frequency (Hz): [0.0, 0.006756756756756757, 0.013513513513513514, 0.02027027027027027, 0.02702702702702703, 0.033783783783783786, 0.04054054054054054, 0.0472972972972973, 0.05405405405405406, 0.060810810810810814, 0.06756756756756757, 0.07432432432432433, 0.08108108108108109, 0.08783783783783784, 0.0945945945945946, 0.10135135135135136, 0.10810810810810811, 0.11486486486486487, 0.12162162162162163, 0.1283783783783784, 0.13513513513513514, 0.14189189189189189, 0.14864864864864866, 0.15540540540540543, 0.16216216216216217, 0.16891891891891891, 0.17567567567567569, 0.18243243243243246, 0.1891891891891892, 0.19594594594594594, 0.20270270270270271, 0.20945945945945948, 0.21621621621621623, 0.22297297297297297, 0.22972972972972974, 0.2364864864864865, 0.24324324324324326, 0.25, 0.2567567567567568, 0.26351351351351354, 0.2702702702702703, 0.27702702702702703, 0.28378378378378377, 0.29054054054054057, 0.2972972972972973, 0.30405405405405406, 0.31081081081081086, 0.3175675675675676, 0.32432432432432434, 0.3310810810810811, 0.33783783783783783, 0.3445945945945946, 0.35135135135135137, 0.3581081081081081, 0.3648648648648649, 0.37162162162162166, 0.3783783783783784, 0.38513513513513514, 0.3918918918918919, 0.3986486486486487, 0.40540540540540543, 0.41216216216216217, 0.41891891891891897, 0.4256756756756757, 0.43243243243243246, 0.4391891891891892, 0.44594594594594594, 0.45270270270270274, 0.4594594594594595, 0.46621621621621623, 0.472972972972973, 0.47972972972972977, 0.4864864864864865, 0.49324324324324326]
Amplitude: [90004.46834159287, 1443.6735105560024, 2785.646021936227, 1304.5526893949066, 1338.5634807381327, 1091.1710131775847, 1110.8938250478782, 995.0873295757676, 884.3907394925916, 906.6126246249543, 1263.705824923921, 1265.6530161217147, 1321.1227772683335, 1304.494096365468, 1008.547299783959, 1149.6266326686152, 1183.8779164519626, 1104.3140885412372, 1083.7435688058472, 1110.9213353448833, 1117.5968617174171, 1159.5501978212606, 1135.4910103927948, 1066.3372092886425, 1091.6526361545884, 1065.5890684162414, 959.838561221226, 1042.6259684588233, 997.7737555663239, 1021.3482266834704, 1008.9945313715845, 1013.4072931682198, 964.8785014801791, 904.55326489203, 914.1586396040016, 901.1172000595585, 869.8100501758915, 862.486323426536, 832.2071599618607, 856.5213910761933, 822.0890549741183, 790.0638250157351, 762.8860232870975, 731.0524357223472, 691.0921458604784, 715.0258917031025, 678.8418097246692, 636.2283848564957, 683.9565214217363, 638.6636802177426, 586.2572632488515, 541.56636064535, 551.1298523146775, 529.2892003949529, 512.2288479793201, 493.8493582486506, 438.9637700266435, 427.4135988236407, 402.65648943443637, 404.10547314572574, 363.8843108057779, 324.6342557584597, 277.4650254457991, 295.0733904820397, 245.6545391656229, 218.16656401647012, 235.70991415927034, 189.03881145072089, 147.03671672406796, 132.50987740954784, 91.98925009705749, 61.45535153619323, 70.69786357174749, 26.875590828348493]

landmark_4:
Frequency (Hz): [0.0, 0.006756756756756757, 0.013513513513513514, 0.02027027027027027, 0.02702702702702703, 0.033783783783783786, 0.04054054054054054, 0.0472972972972973, 0.05405405405405406, 0.060810810810810814, 0.06756756756756757, 0.07432432432432433, 0.08108108108108109, 0.08783783783783784, 0.0945945945945946, 0.10135135135135136, 0.10810810810810811, 0.11486486486486487, 0.12162162162162163, 0.1283783783783784, 0.13513513513513514, 0.14189189189189189, 0.14864864864864866, 0.15540540540540543, 0.16216216216216217, 0.16891891891891891, 0.17567567567567569, 0.18243243243243246, 0.1891891891891892, 0.19594594594594594, 0.20270270270270271, 0.20945945945945948, 0.21621621621621623, 0.22297297297297297, 0.22972972972972974, 0.2364864864864865, 0.24324324324324326, 0.25, 0.2567567567567568, 0.26351351351351354, 0.2702702702702703, 0.27702702702702703, 0.28378378378378377, 0.29054054054054057, 0.2972972972972973, 0.30405405405405406, 0.31081081081081086, 0.3175675675675676, 0.32432432432432434, 0.3310810810810811, 0.33783783783783783, 0.3445945945945946, 0.35135135135135137, 0.3581081081081081, 0.3648648648648649, 0.37162162162162166, 0.3783783783783784, 0.38513513513513514, 0.3918918918918919, 0.3986486486486487, 0.40540540540540543, 0.41216216216216217, 0.41891891891891897, 0.4256756756756757, 0.43243243243243246, 0.4391891891891892, 0.44594594594594594, 0.45270270270270274, 0.4594594594594595, 0.46621621621621623, 0.472972972972973, 0.47972972972972977, 0.4864864864864865, 0.49324324324324326]
Amplitude: [89928.66791374379, 1518.3051983635062, 2674.816041200201, 1486.1580671851327, 1309.3150134128728, 1172.1151368534065, 1193.2913893021473, 966.3634387865408, 902.7136094783732, 895.3016126627208, 1246.83072016642, 1255.7133005729074, 1297.6259173281, 1287.9220615135782, 1020.8066823750236, 1140.5630962219327, 1180.0407318293053, 1085.14594413979, 1075.922251252071, 1078.172873893437, 1105.3486151175111, 1155.5626777698392, 1133.1135805515778, 1035.4126268148864, 1077.7222947534335, 1049.7206991709122, 953.8338746278899, 1023.2825601114229, 991.5972960796151, 1008.4012528730925, 1000.0749859872848, 996.926416284266, 943.1025800684527, 883.0287530643416, 896.935352279238, 893.8295025286584, 859.000206213914, 852.7342129936783, 831.7688887515443, 840.5555672602543, 810.6564932654677, 777.9280155993827, 748.0034903079197, 717.2032505325502, 692.920567779126, 709.0287344301323, 678.1217212275754, 632.2976745555545, 676.6631878327489, 623.6433601696932, 572.1241647423869, 530.9061625385843, 541.5247388454262, 523.7538184819807, 517.776270647497, 485.54237382666963, 434.18466077612, 422.8620591265735, 392.5785410245652, 393.3043893388217, 373.86798782184434, 321.4325804002693, 271.3214823552673, 298.18267879740887, 240.38546146307118, 214.68170979022244, 234.2931137171679, 186.00982148712464, 142.8769715869311, 132.28287972676014, 96.33939659029889, 65.0900383470416, 63.50802582947932, 26.653262703161285]

landmark_5:
Frequency (Hz): [0.0, 0.006756756756756757, 0.013513513513513514, 0.02027027027027027, 0.02702702702702703, 0.033783783783783786, 0.04054054054054054, 0.0472972972972973, 0.05405405405405406, 0.060810810810810814, 0.06756756756756757, 0.07432432432432433, 0.08108108108108109, 0.08783783783783784, 0.0945945945945946, 0.10135135135135136, 0.10810810810810811, 0.11486486486486487, 0.12162162162162163, 0.1283783783783784, 0.13513513513513514, 0.14189189189189189, 0.14864864864864866, 0.15540540540540543, 0.16216216216216217, 0.16891891891891891, 0.17567567567567569, 0.18243243243243246, 0.1891891891891892, 0.19594594594594594, 0.20270270270270271, 0.20945945945945948, 0.21621621621621623, 0.22297297297297297, 0.22972972972972974, 0.2364864864864865, 0.24324324324324326, 0.25, 0.2567567567567568, 0.26351351351351354, 0.2702702702702703, 0.27702702702702703, 0.28378378378378377, 0.29054054054054057, 0.2972972972972973, 0.30405405405405406, 0.31081081081081086, 0.3175675675675676, 0.32432432432432434, 0.3310810810810811, 0.33783783783783783, 0.3445945945945946, 0.35135135135135137, 0.3581081081081081, 0.3648648648648649, 0.37162162162162166, 0.3783783783783784, 0.38513513513513514, 0.3918918918918919, 0.3986486486486487, 0.40540540540540543, 0.41216216216216217, 0.41891891891891897, 0.4256756756756757, 0.43243243243243246, 0.4391891891891892, 0.44594594594594594, 0.45270270270270274, 0.4594594594594595, 0.46621621621621623, 0.472972972972973, 0.47972972972972977, 0.4864864864864865, 0.49324324324324326]
Amplitude: [89922.72679845158, 1534.1564821935235, 2591.787070646635, 1493.5198376407632, 1313.0496476981048, 1175.333791465762, 1198.2811405730429, 963.8952794165218, 899.0662647088234, 899.0522015114209, 1239.9586773600456, 1251.947810184237, 1302.1265074026794, 1290.534921125085, 1019.3041302768199, 1144.766088592358, 1180.6167633319683, 1087.42030812446, 1081.3107791671841, 1078.8368579803555, 1102.4831486140404, 1155.9155725716375, 1134.5085633743345, 1036.118561428896, 1077.7619235233162, 1050.639034365912, 955.221826804132, 1024.7546475355684, 993.6966719857461, 1007.821080944309, 1000.190868940198, 997.3861443862816, 943.3433551119529, 883.9543318595488, 899.2516300648872, 895.0894323160235, 859.6552045972602, 853.2961111363604, 833.6604403545855, 841.3229166526394, 810.114994032294, 778.4519864723287, 748.2592464372491, 717.5535017835019, 692.9278401562517, 709.6087587004513, 678.5521600516656, 633.302711303447, 677.789776998664, 624.5031245975711, 571.8562130594596, 531.7243095341256, 542.1332266539653, 524.6115049841835, 518.3324945776757, 485.84534066886266, 434.0666517856856, 422.7357751328787, 392.3353931635561, 394.4666476341884, 374.1437059565714, 321.53033712232815, 271.77642192277415, 298.5147917998092, 239.68006180773165, 214.81177931794093, 234.07201180804546, 185.33151358479876, 142.50773906886542, 133.26990454488757, 96.44537198586298, 65.63262000509788, 63.525367286752356, 26.710524139908184]

landmark_6:
Frequency (Hz): [0.0, 0.006756756756756757, 0.013513513513513514, 0.02027027027027027, 0.02702702702702703, 0.033783783783783786, 0.04054054054054054, 0.0472972972972973, 0.05405405405405406, 0.060810810810810814, 0.06756756756756757, 0.07432432432432433, 0.08108108108108109, 0.08783783783783784, 0.0945945945945946, 0.10135135135135136, 0.10810810810810811, 0.11486486486486487, 0.12162162162162163, 0.1283783783783784, 0.13513513513513514, 0.14189189189189189, 0.14864864864864866, 0.15540540540540543, 0.16216216216216217, 0.16891891891891891, 0.17567567567567569, 0.18243243243243246, 0.1891891891891892, 0.19594594594594594, 0.20270270270270271, 0.20945945945945948, 0.21621621621621623, 0.22297297297297297, 0.22972972972972974, 0.2364864864864865, 0.24324324324324326, 0.25, 0.2567567567567568, 0.26351351351351354, 0.2702702702702703, 0.27702702702702703, 0.28378378378378377, 0.29054054054054057, 0.2972972972972973, 0.30405405405405406, 0.31081081081081086, 0.3175675675675676, 0.32432432432432434, 0.3310810810810811, 0.33783783783783783, 0.3445945945945946, 0.35135135135135137, 0.3581081081081081, 0.3648648648648649, 0.37162162162162166, 0.3783783783783784, 0.38513513513513514, 0.3918918918918919, 0.3986486486486487, 0.40540540540540543, 0.41216216216216217, 0.41891891891891897, 0.4256756756756757, 0.43243243243243246, 0.4391891891891892, 0.44594594594594594, 0.45270270270270274, 0.4594594594594595, 0.46621621621621623, 0.472972972972973, 0.47972972972972977, 0.4864864864864865, 0.49324324324324326]
Amplitude: [89918.10507158865, 1549.5268835027941, 2500.952172757815, 1500.7985288772245, 1314.1963086190024, 1176.7641996975992, 1203.3095924974803, 962.1720537972537, 893.8103864517983, 903.2803330172744, 1237.3129363022279, 1248.2734458684602, 1309.5685087615589, 1293.8727034444873, 1015.3378206146147, 1147.5571679874292, 1182.0904549390955, 1088.8569716965446, 1086.0519367468517, 1082.4451982815256, 1098.4867212503668, 1157.219586372814, 1135.724933200084, 1037.2143457679977, 1077.5277267716742, 1051.4798649727636, 957.2530284299673, 1026.1978476194129, 996.1212251489749, 1007.109177279895, 1001.412181436267, 998.5475297344491, 944.2922127388996, 886.440039679749, 900.8283075279633, 895.5150029694433, 858.384357749027, 853.8774436779805, 834.8346096591819, 842.1244142600179, 809.8815945553022, 779.8830504301698, 749.1700551408783, 718.1909753597134, 693.929628742872, 710.1885712573552, 679.8574044999993, 634.5617973297842, 678.9002897425688, 625.4741085738353, 571.2798634167871, 531.8784579850303, 541.6764597343642, 524.9545714474795, 518.9290645754376, 486.35525650561783, 434.4127794558292, 423.3215648923172, 393.30405659171737, 395.14757156029776, 374.9953433382715, 321.6335216371117, 271.8768333226738, 298.42269341673847, 239.30743291213886, 214.40921009320107, 234.00617251884745, 185.31555280138596, 142.43956286483862, 133.96923056184053, 96.43351769360758, 66.15207235491792, 63.31904273637872, 26.655610456816838]

landmark_7:
Frequency (Hz): [0.0, 0.006756756756756757, 0.013513513513513514, 0.02027027027027027, 0.02702702702702703, 0.033783783783783786, 0.04054054054054054, 0.0472972972972973, 0.05405405405405406, 0.060810810810810814, 0.06756756756756757, 0.07432432432432433, 0.08108108108108109, 0.08783783783783784, 0.0945945945945946, 0.10135135135135136, 0.10810810810810811, 0.11486486486486487, 0.12162162162162163, 0.1283783783783784, 0.13513513513513514, 0.14189189189189189, 0.14864864864864866, 0.15540540540540543, 0.16216216216216217, 0.16891891891891891, 0.17567567567567569, 0.18243243243243246, 0.1891891891891892, 0.19594594594594594, 0.20270270270270271, 0.20945945945945948, 0.21621621621621623, 0.22297297297297297, 0.22972972972972974, 0.2364864864864865, 0.24324324324324326, 0.25, 0.2567567567567568, 0.26351351351351354, 0.2702702702702703, 0.27702702702702703, 0.28378378378378377, 0.29054054054054057, 0.2972972972972973, 0.30405405405405406, 0.31081081081081086, 0.3175675675675676, 0.32432432432432434, 0.3310810810810811, 0.33783783783783783, 0.3445945945945946, 0.35135135135135137, 0.3581081081081081, 0.3648648648648649, 0.37162162162162166, 0.3783783783783784, 0.38513513513513514, 0.3918918918918919, 0.3986486486486487, 0.40540540540540543, 0.41216216216216217, 0.41891891891891897, 0.4256756756756757, 0.43243243243243246, 0.4391891891891892, 0.44594594594594594, 0.45270270270270274, 0.4594594594594595, 0.46621621621621623, 0.472972972972973, 0.47972972972972977, 0.4864864864864865, 0.49324324324324326]
Amplitude: [88612.08025774185, 1457.434532286893, 2132.862665861711, 1139.3737889767733, 927.9844576023504, 922.1023088909545, 1051.0087680851188, 1152.5797629489973, 1012.5294271627188, 1143.6228959338719, 1186.0767433904773, 1234.365896954187, 1196.9030381247917, 1290.0147796278657, 1092.885339241999, 1215.8150911393298, 1130.8322692910012, 1182.4394856494696, 1094.3620651932338, 1183.585609002679, 1114.0216399864191, 1198.106981101769, 1080.8234108894228, 1110.738171903779, 1090.3657265584889, 1099.3285756355301, 1005.8112261155933, 1076.61768610411, 1011.4254477077689, 1017.7842202627064, 1007.0547209415818, 1009.7434956795784, 967.6015134746884, 935.8213846246331, 933.6803664300015, 917.5931172259707, 889.3744134328052, 880.6767541944765, 849.9965621125999, 858.4824471618932, 816.7782395838987, 807.2595581810571, 769.1977776774359, 740.5144500517786, 721.7283648515917, 724.1644381354945, 691.4380231137649, 661.9155889049254, 657.6231614243122, 637.8894591049265, 600.2461532927324, 579.7359969562112, 557.4709327503756, 538.7141365156359, 503.6628071053639, 499.25012179142936, 456.3017780354118, 436.80490024723866, 409.9171546744861, 391.8306499092651, 368.0499826792402, 329.036652661281, 309.77887767111247, 291.57022208935575, 257.1611491696492, 222.7474815176142, 226.5417149678629, 175.80938740145098, 154.5460167810203, 127.84034408829541, 109.09701452422114, 67.03361844166389, 57.944164066719104, 28.66647085436986]

landmark_8:
Frequency (Hz): [0.0, 0.006756756756756757, 0.013513513513513514, 0.02027027027027027, 0.02702702702702703, 0.033783783783783786, 0.04054054054054054, 0.0472972972972973, 0.05405405405405406, 0.060810810810810814, 0.06756756756756757, 0.07432432432432433, 0.08108108108108109, 0.08783783783783784, 0.0945945945945946, 0.10135135135135136, 0.10810810810810811, 0.11486486486486487, 0.12162162162162163, 0.1283783783783784, 0.13513513513513514, 0.14189189189189189, 0.14864864864864866, 0.15540540540540543, 0.16216216216216217, 0.16891891891891891, 0.17567567567567569, 0.18243243243243246, 0.1891891891891892, 0.19594594594594594, 0.20270270270270271, 0.20945945945945948, 0.21621621621621623, 0.22297297297297297, 0.22972972972972974, 0.2364864864864865, 0.24324324324324326, 0.25, 0.2567567567567568, 0.26351351351351354, 0.2702702702702703, 0.27702702702702703, 0.28378378378378377, 0.29054054054054057, 0.2972972972972973, 0.30405405405405406, 0.31081081081081086, 0.3175675675675676, 0.32432432432432434, 0.3310810810810811, 0.33783783783783783, 0.3445945945945946, 0.35135135135135137, 0.3581081081081081, 0.3648648648648649, 0.37162162162162166, 0.3783783783783784, 0.38513513513513514, 0.3918918918918919, 0.3986486486486487, 0.40540540540540543, 0.41216216216216217, 0.41891891891891897, 0.4256756756756757, 0.43243243243243246, 0.4391891891891892, 0.44594594594594594, 0.45270270270270274, 0.4594594594594595, 0.46621621621621623, 0.472972972972973, 0.47972972972972977, 0.4864864864864865, 0.49324324324324326]
Amplitude: [88632.13495660093, 1462.6288955514779, 1980.1279889153934, 1404.5023508126776, 690.7228794311868, 1164.3430606363213, 1339.604279295062, 1163.1951514836737, 1013.0373585655572, 1089.445632980967, 1319.1557754696535, 1191.6290106883039, 1158.94695668055, 1209.2604344145957, 1124.1745597281943, 1114.6891991857112, 1156.3709555745315, 1086.7080930472775, 1092.9606159235348, 1062.6787483584721, 1094.8861808097922, 1152.0343800583753, 1110.3984922764503, 1038.2938667124843, 1039.8741133001092, 1056.5479906645296, 1017.2091716046909, 987.1664042766295, 972.4995778761005, 988.2704565573238, 983.3566960456756, 948.0318078126493, 919.9909519162718, 911.2353833800363, 906.6012492601071, 880.9184922183192, 855.3327926928208, 829.6007859059578, 843.998321161884, 820.2047337461978, 793.8801290190146, 765.9805871240858, 749.3762850301184, 711.1199471164446, 711.1103874446338, 702.8087915365713, 676.768222490035, 634.1905530559834, 644.2897503959081, 620.2960133993765, 579.6137276941506, 547.2366235268914, 532.166648807873, 519.9432087045928, 499.96460610481074, 466.00044724941415, 444.2110259599673, 424.81118419394926, 394.7837125350561, 377.1094689453125, 360.5382758837314, 319.402939308189, 295.0210255997315, 295.41666150651037, 242.98341656234604, 219.1187618861435, 215.6266955329524, 182.76252948606546, 153.46841818343538, 129.83304498478907, 91.05728494851262, 81.05331966339622, 55.53802093421319, 18.355159625128227]

landmark_9:
Frequency (Hz): [0.0, 0.006756756756756757, 0.013513513513513514, 0.02027027027027027, 0.02702702702702703, 0.033783783783783786, 0.04054054054054054, 0.0472972972972973, 0.05405405405405406, 0.060810810810810814, 0.06756756756756757, 0.07432432432432433, 0.08108108108108109, 0.08783783783783784, 0.0945945945945946, 0.10135135135135136, 0.10810810810810811, 0.11486486486486487, 0.12162162162162163, 0.1283783783783784, 0.13513513513513514, 0.14189189189189189, 0.14864864864864866, 0.15540540540540543, 0.16216216216216217, 0.16891891891891891, 0.17567567567567569, 0.18243243243243246, 0.1891891891891892, 0.19594594594594594, 0.20270270270270271, 0.20945945945945948, 0.21621621621621623, 0.22297297297297297, 0.22972972972972974, 0.2364864864864865, 0.24324324324324326, 0.25, 0.2567567567567568, 0.26351351351351354, 0.2702702702702703, 0.27702702702702703, 0.28378378378378377, 0.29054054054054057, 0.2972972972972973, 0.30405405405405406, 0.31081081081081086, 0.3175675675675676, 0.32432432432432434, 0.3310810810810811, 0.33783783783783783, 0.3445945945945946, 0.35135135135135137, 0.3581081081081081, 0.3648648648648649, 0.37162162162162166, 0.3783783783783784, 0.38513513513513514, 0.3918918918918919, 0.3986486486486487, 0.40540540540540543, 0.41216216216216217, 0.41891891891891897, 0.4256756756756757, 0.43243243243243246, 0.4391891891891892, 0.44594594594594594, 0.45270270270270274, 0.4594594594594595, 0.46621621621621623, 0.472972972972973, 0.47972972972972977, 0.4864864864864865, 0.49324324324324326]
Amplitude: [87849.45284192497, 1576.620369809788, 2488.7095505242087, 1375.4942531813688, 1202.0106799443747, 1084.8282295913937, 1097.6537940443282, 960.3454502899718, 900.1912020446156, 896.6218029253275, 1207.5426497585158, 1213.1318925712644, 1294.2563436272944, 1245.7332652534792, 994.9211982456824, 1116.8064828855602, 1140.7986582583346, 1071.1449462557207, 1050.184627419954, 1078.2770265223048, 1087.3516510795664, 1114.9519965162042, 1098.960778580754, 1030.8365465420636, 1054.7936483293727, 1038.6580342826442, 944.2358309425293, 1006.5441201557092, 969.8653787567346, 986.350164422738, 979.3166598054491, 980.7200727506571, 929.0497291329324, 883.0216179788207, 885.1997552266388, 870.8106096984369, 851.0987969303139, 838.6529788059429, 804.5470160953643, 833.5647070202066, 795.9654519242331, 764.2358330220245, 744.4063141048869, 708.1647101287433, 673.4389680775043, 696.4080279462769, 657.4838005550116, 624.6618853465532, 655.4987371765914, 617.528640981269, 568.9429105775463, 524.9672125590133, 535.3176563754843, 513.8357469557856, 495.0819569313561, 477.47929572245465, 424.9206481445613, 415.5376769031479, 393.4857710410634, 394.2395960935499, 355.8681034232433, 316.74798032128035, 268.630894286744, 282.34665100929453, 240.4808939619419, 208.83433763296432, 229.6600065857597, 185.62438693901703, 137.9465808567145, 133.68965938304913, 89.43423998517417, 60.293610226650884, 68.8643999708192, 23.43263553249048]

landmark_10:
Frequency (Hz): [0.0, 0.006756756756756757, 0.013513513513513514, 0.02027027027027027, 0.02702702702702703, 0.033783783783783786, 0.04054054054054054, 0.0472972972972973, 0.05405405405405406, 0.060810810810810814, 0.06756756756756757, 0.07432432432432433, 0.08108108108108109, 0.08783783783783784, 0.0945945945945946, 0.10135135135135136, 0.10810810810810811, 0.11486486486486487, 0.12162162162162163, 0.1283783783783784, 0.13513513513513514, 0.14189189189189189, 0.14864864864864866, 0.15540540540540543, 0.16216216216216217, 0.16891891891891891, 0.17567567567567569, 0.18243243243243246, 0.1891891891891892, 0.19594594594594594, 0.20270270270270271, 0.20945945945945948, 0.21621621621621623, 0.22297297297297297, 0.22972972972972974, 0.2364864864864865, 0.24324324324324326, 0.25, 0.2567567567567568, 0.26351351351351354, 0.2702702702702703, 0.27702702702702703, 0.28378378378378377, 0.29054054054054057, 0.2972972972972973, 0.30405405405405406, 0.31081081081081086, 0.3175675675675676, 0.32432432432432434, 0.3310810810810811, 0.33783783783783783, 0.3445945945945946, 0.35135135135135137, 0.3581081081081081, 0.3648648648648649, 0.37162162162162166, 0.3783783783783784, 0.38513513513513514, 0.3918918918918919, 0.3986486486486487, 0.40540540540540543, 0.41216216216216217, 0.41891891891891897, 0.4256756756756757, 0.43243243243243246, 0.4391891891891892, 0.44594594594594594, 0.45270270270270274, 0.4594594594594595, 0.46621621621621623, 0.472972972972973, 0.47972972972972977, 0.4864864864864865, 0.49324324324324326]
Amplitude: [87783.6793909275, 1584.5142656248354, 2513.280473445878, 1512.6781099936095, 1162.6958468752653, 1185.1541162899784, 1190.6721077499542, 966.3543915840899, 915.3666949668165, 887.7072961985496, 1209.0939902408506, 1218.3007908315844, 1276.0121978896207, 1215.3089993661956, 1007.0600162628584, 1096.4995952560757, 1151.3692331923046, 1047.7535617396231, 1050.2047068600407, 1038.415638290405, 1077.5768711303092, 1114.617855917135, 1109.747754693908, 1001.9406736386048, 1039.1610601873945, 1016.8341919589709, 931.8165430764839, 986.6430223316287, 965.8372653920079, 978.6738857916035, 971.0148524060427, 964.7203668205598, 912.9496270747652, 857.2781930656515, 868.3977019238889, 864.0238306302408, 837.3671972455338, 827.3524093683637, 808.2897217084969, 813.3371694936287, 787.6875550250465, 750.2027709065895, 727.4485838453128, 696.8390724562993, 675.3706630706296, 689.6887275792044, 660.3889045851283, 620.3281389849856, 649.5531969329002, 603.7724207069152, 554.3321547720653, 514.0244942615545, 524.5434083818385, 509.3511558658347, 502.8948905273909, 469.8214136260324, 420.5462355498655, 411.6961033826246, 379.8856565532032, 379.45367608292656, 364.88539898272455, 313.6846169020145, 264.9872727190767, 287.34424625784186, 235.82339383937443, 208.6596395423395, 224.25343272274037, 183.62215160552802, 137.806744825954, 130.88837637625818, 95.01701583721099, 67.2469655354811, 60.2400970940157, 23.527726925286736]

landmark_11:
Frequency (Hz): [0.0, 0.006756756756756757, 0.013513513513513514, 0.02027027027027027, 0.02702702702702703, 0.033783783783783786, 0.04054054054054054, 0.0472972972972973, 0.05405405405405406, 0.060810810810810814, 0.06756756756756757, 0.07432432432432433, 0.08108108108108109, 0.08783783783783784, 0.0945945945945946, 0.10135135135135136, 0.10810810810810811, 0.11486486486486487, 0.12162162162162163, 0.1283783783783784, 0.13513513513513514, 0.14189189189189189, 0.14864864864864866, 0.15540540540540543, 0.16216216216216217, 0.16891891891891891, 0.17567567567567569, 0.18243243243243246, 0.1891891891891892, 0.19594594594594594, 0.20270270270270271, 0.20945945945945948, 0.21621621621621623, 0.22297297297297297, 0.22972972972972974, 0.2364864864864865, 0.24324324324324326, 0.25, 0.2567567567567568, 0.26351351351351354, 0.2702702702702703, 0.27702702702702703, 0.28378378378378377, 0.29054054054054057, 0.2972972972972973, 0.30405405405405406, 0.31081081081081086, 0.3175675675675676, 0.32432432432432434, 0.3310810810810811, 0.33783783783783783, 0.3445945945945946, 0.35135135135135137, 0.3581081081081081, 0.3648648648648649, 0.37162162162162166, 0.3783783783783784, 0.38513513513513514, 0.3918918918918919, 0.3986486486486487, 0.40540540540540543, 0.41216216216216217, 0.41891891891891897, 0.4256756756756757, 0.43243243243243246, 0.4391891891891892, 0.44594594594594594, 0.45270270270270274, 0.4594594594594595, 0.46621621621621623, 0.472972972972973, 0.47972972972972977, 0.4864864864864865, 0.49324324324324326]
Amplitude: [84163.81927120537, 1589.5212679277358, 2395.214701572664, 1198.4707123615444, 556.7916379996182, 902.6643796412709, 995.5642743244705, 1155.0225677237934, 983.204452686321, 1201.8139332828955, 1138.8956698498544, 1263.615211131023, 1108.9722469864394, 1254.2386271548226, 1087.6364693445944, 1244.546943640816, 1025.9103581455447, 1159.0963475229232, 1108.7860553095359, 1204.489067560685, 1058.090779869079, 1164.4004802234915, 1066.1307097302906, 1105.984543518323, 1078.433839842286, 1113.7854218506334, 1020.2518229169526, 1072.968736228143, 979.3372094466135, 1003.2054980721092, 980.74397605146, 956.4024268068674, 957.8544588949879, 944.380577677945, 934.0553807515303, 907.9821606796311, 876.0788689142191, 866.349287019402, 820.3944644948588, 851.041064666214, 791.8683063780064, 783.9188161197249, 751.6585040663145, 753.1690883717399, 720.0354817257723, 710.4205279513544, 675.8471515990013, 672.1809582340641, 622.4083812334596, 636.2805672245088, 587.376187236262, 588.1185180642093, 543.9749017499224, 543.7269305682196, 492.6848157960983, 484.40227948885035, 450.78071692819594, 445.15911188390294, 405.16041379651364, 385.3989964485962, 352.1159454328845, 327.11855008704543, 304.1819424092564, 286.03592152176196, 270.665489634486, 212.98558849358392, 207.38134498098609, 164.70548634825758, 164.67853853932834, 119.36661845050303, 105.60407655543368, 66.1542211499964, 58.63800846466786, 29.181943193037323]

landmark_12:
Frequency (Hz): [0.0, 0.006756756756756757, 0.013513513513513514, 0.02027027027027027, 0.02702702702702703, 0.033783783783783786, 0.04054054054054054, 0.0472972972972973, 0.05405405405405406, 0.060810810810810814, 0.06756756756756757, 0.07432432432432433, 0.08108108108108109, 0.08783783783783784, 0.0945945945945946, 0.10135135135135136, 0.10810810810810811, 0.11486486486486487, 0.12162162162162163, 0.1283783783783784, 0.13513513513513514, 0.14189189189189189, 0.14864864864864866, 0.15540540540540543, 0.16216216216216217, 0.16891891891891891, 0.17567567567567569, 0.18243243243243246, 0.1891891891891892, 0.19594594594594594, 0.20270270270270271, 0.20945945945945948, 0.21621621621621623, 0.22297297297297297, 0.22972972972972974, 0.2364864864864865, 0.24324324324324326, 0.25, 0.2567567567567568, 0.26351351351351354, 0.2702702702702703, 0.27702702702702703, 0.28378378378378377, 0.29054054054054057, 0.2972972972972973, 0.30405405405405406, 0.31081081081081086, 0.3175675675675676, 0.32432432432432434, 0.3310810810810811, 0.33783783783783783, 0.3445945945945946, 0.35135135135135137, 0.3581081081081081, 0.3648648648648649, 0.37162162162162166, 0.3783783783783784, 0.38513513513513514, 0.3918918918918919, 0.3986486486486487, 0.40540540540540543, 0.41216216216216217, 0.41891891891891897, 0.4256756756756757, 0.43243243243243246, 0.4391891891891892, 0.44594594594594594, 0.45270270270270274, 0.4594594594594595, 0.46621621621621623, 0.472972972972973, 0.47972972972972977, 0.4864864864864865, 0.49324324324324326]
Amplitude: [84767.93928163542, 1667.5847172317854, 1467.833334670913, 1328.0198346219404, 526.6297535262586, 1268.7497699190274, 1349.172794790728, 1299.151138362089, 954.5141090493187, 1135.526653817723, 1319.5717355364384, 1112.1334438852978, 1080.8588310199225, 1113.4382034800446, 1087.3589929398067, 1096.2030052306084, 1135.422187093149, 1028.993032837134, 976.3332778359808, 1012.3822773207525, 1079.0094122396017, 1116.614420444593, 1076.1742176068356, 998.3016559308242, 972.0371347248514, 1008.7344254729594, 1010.6875197069279, 920.7745584471207, 904.2042338183358, 951.2159645155788, 949.3281516782434, 901.1224426003886, 876.2559525253783, 892.6106508572539, 869.7612830729053, 837.6945096053482, 817.2517922913202, 788.9872193987629, 808.5385540267291, 774.8498138017176, 779.3303944299607, 730.4075134503137, 716.7806776730557, 676.642509784412, 693.6532951261181, 679.7631221327572, 653.4109168242326, 612.3430543343312, 608.4755900659262, 599.0101227684402, 570.1242837347922, 525.1302566003521, 507.9725777214779, 487.39411444718246, 468.4578132408568, 440.60053391538906, 440.63906941000084, 408.5771337716505, 382.0254673125217, 352.7444104636912, 347.5975237196736, 301.98181169918615, 292.3639229597032, 278.6662535627639, 241.3218065727026, 208.12740596110083, 193.6788606032292, 181.64487028530095, 155.00241279204235, 134.4021229426548, 90.66172078205611, 83.40372923284212, 62.520735248347044, 30.954031798348133]

landmark_13:
Frequency (Hz): [0.0, 0.006756756756756757, 0.013513513513513514, 0.02027027027027027, 0.02702702702702703, 0.033783783783783786, 0.04054054054054054, 0.0472972972972973, 0.05405405405405406, 0.060810810810810814, 0.06756756756756757, 0.07432432432432433, 0.08108108108108109, 0.08783783783783784, 0.0945945945945946, 0.10135135135135136, 0.10810810810810811, 0.11486486486486487, 0.12162162162162163, 0.1283783783783784, 0.13513513513513514, 0.14189189189189189, 0.14864864864864866, 0.15540540540540543, 0.16216216216216217, 0.16891891891891891, 0.17567567567567569, 0.18243243243243246, 0.1891891891891892, 0.19594594594594594, 0.20270270270270271, 0.20945945945945948, 0.21621621621621623, 0.22297297297297297, 0.22972972972972974, 0.2364864864864865, 0.24324324324324326, 0.25, 0.2567567567567568, 0.26351351351351354, 0.2702702702702703, 0.27702702702702703, 0.28378378378378377, 0.29054054054054057, 0.2972972972972973, 0.30405405405405406, 0.31081081081081086, 0.3175675675675676, 0.32432432432432434, 0.3310810810810811, 0.33783783783783783, 0.3445945945945946, 0.35135135135135137, 0.3581081081081081, 0.3648648648648649, 0.37162162162162166, 0.3783783783783784, 0.38513513513513514, 0.3918918918918919, 0.3986486486486487, 0.40540540540540543, 0.41216216216216217, 0.41891891891891897, 0.4256756756756757, 0.43243243243243246, 0.4391891891891892, 0.44594594594594594, 0.45270270270270274, 0.4594594594594595, 0.46621621621621623, 0.472972972972973, 0.47972972972972977, 0.4864864864864865, 0.49324324324324326]
Amplitude: [88216.7920562734, 3469.4884982518092, 1529.1669192503216, 1839.8369905795364, 2948.111856665059, 906.0765444932194, 2118.4825731755263, 1101.7951324306298, 1466.3287252678883, 964.5510638011228, 913.5838165187083, 1448.2439618452083, 1478.9837214433637, 1627.5595933539548, 774.1886542114527, 1439.0948350868598, 796.9753777570554, 1347.6699647927162, 1027.2517170241306, 1309.700916028743, 943.4269022482819, 1295.0215668739643, 1161.7260955828986, 1179.3288134836891, 1186.5663823394327, 1151.8808710125272, 920.7708046365689, 1116.1395306187435, 1021.5198375365709, 962.9763513808186, 911.1974078328561, 990.6373343652078, 967.1530162357727, 953.9776905751551, 1082.2835554216454, 979.3257515785558, 860.4685561508563, 907.9368548081856, 944.7395601004602, 904.5315676787928, 777.3138937011788, 830.5534968343858, 774.1416870459489, 761.0061299899788, 786.8377477337577, 762.6689546802586, 669.0056603352479, 670.2516384573044, 717.0476517221673, 688.4171240266536, 578.0384162166912, 605.488235249348, 607.7939963276251, 550.2498650004262, 506.6173065814823, 517.3715984223758, 472.05424824743613, 438.802761646685, 424.567784842843, 425.3226882904828, 348.4505745950089, 368.5516443230449, 317.53938911687175, 320.98463426018975, 277.9749806172638, 236.31025215355612, 219.16403389438943, 162.6773251206627, 174.4351705574188, 101.39315612702228, 151.94065197762882, 90.76144039470765, 105.80037416673761, 20.77145372231085]

landmark_14:
Frequency (Hz): [0.0, 0.006756756756756757, 0.013513513513513514, 0.02027027027027027, 0.02702702702702703, 0.033783783783783786, 0.04054054054054054, 0.0472972972972973, 0.05405405405405406, 0.060810810810810814, 0.06756756756756757, 0.07432432432432433, 0.08108108108108109, 0.08783783783783784, 0.0945945945945946, 0.10135135135135136, 0.10810810810810811, 0.11486486486486487, 0.12162162162162163, 0.1283783783783784, 0.13513513513513514, 0.14189189189189189, 0.14864864864864866, 0.15540540540540543, 0.16216216216216217, 0.16891891891891891, 0.17567567567567569, 0.18243243243243246, 0.1891891891891892, 0.19594594594594594, 0.20270270270270271, 0.20945945945945948, 0.21621621621621623, 0.22297297297297297, 0.22972972972972974, 0.2364864864864865, 0.24324324324324326, 0.25, 0.2567567567567568, 0.26351351351351354, 0.2702702702702703, 0.27702702702702703, 0.28378378378378377, 0.29054054054054057, 0.2972972972972973, 0.30405405405405406, 0.31081081081081086, 0.3175675675675676, 0.32432432432432434, 0.3310810810810811, 0.33783783783783783, 0.3445945945945946, 0.35135135135135137, 0.3581081081081081, 0.3648648648648649, 0.37162162162162166, 0.3783783783783784, 0.38513513513513514, 0.3918918918918919, 0.3986486486486487, 0.40540540540540543, 0.41216216216216217, 0.41891891891891897, 0.4256756756756757, 0.43243243243243246, 0.4391891891891892, 0.44594594594594594, 0.45270270270270274, 0.4594594594594595, 0.46621621621621623, 0.472972972972973, 0.47972972972972977, 0.4864864864864865, 0.49324324324324326]
Amplitude: [90736.99960875264, 4507.855935290697, 1990.696375866872, 989.800737143459, 1873.4442579915744, 1416.5387424516389, 2799.6952163705782, 944.0992955970172, 1053.5576822259527, 1451.6823861263645, 1900.6461794992006, 1551.5509720587024, 877.8890257661791, 1397.5302250356572, 928.6490301990644, 1304.5504957557475, 1319.100903481667, 1021.0209709023106, 717.9434163274794, 981.5935077439816, 1151.0706254359673, 1164.4422795793155, 1026.7334758615675, 1022.4318660143696, 882.0443663882432, 1011.4573302032265, 1126.498060567819, 906.9256942857247, 838.7733840422688, 930.7588404870767, 1014.348798634503, 881.1953432381855, 872.0619981338451, 850.2131945321431, 902.6129874705438, 854.792052102898, 873.0240571262208, 838.950617668422, 820.8009490223347, 786.1035829310653, 871.9018973682878, 753.2026253681182, 729.9736615766172, 695.9486904743356, 674.9700383766317, 732.2187138294556, 647.5924141573805, 640.0042816718743, 597.6994028628014, 610.9993829700917, 624.4167169622737, 524.7384564586481, 535.0164136096214, 471.9144143643, 492.73272238693033, 421.26326800237365, 489.67882938142304, 431.00786592955143, 364.98264224527856, 336.9006471365473, 359.85933696357006, 324.1153825524271, 305.9946159489338, 296.98651658443316, 252.66766553649833, 216.75339931166906, 240.54444939412298, 193.48274038025042, 179.70619925649956, 165.64499549418866, 105.47066461886904, 109.54794862452158, 162.0671912126342, 97.07746318955238]

landmark_15:
Frequency (Hz): [0.0, 0.006756756756756757, 0.013513513513513514, 0.02027027027027027, 0.02702702702702703, 0.033783783783783786, 0.04054054054054054, 0.0472972972972973, 0.05405405405405406, 0.060810810810810814, 0.06756756756756757, 0.07432432432432433, 0.08108108108108109, 0.08783783783783784, 0.0945945945945946, 0.10135135135135136, 0.10810810810810811, 0.11486486486486487, 0.12162162162162163, 0.1283783783783784, 0.13513513513513514, 0.14189189189189189, 0.14864864864864866, 0.15540540540540543, 0.16216216216216217, 0.16891891891891891, 0.17567567567567569, 0.18243243243243246, 0.1891891891891892, 0.19594594594594594, 0.20270270270270271, 0.20945945945945948, 0.21621621621621623, 0.22297297297297297, 0.22972972972972974, 0.2364864864864865, 0.24324324324324326, 0.25, 0.2567567567567568, 0.26351351351351354, 0.2702702702702703, 0.27702702702702703, 0.28378378378378377, 0.29054054054054057, 0.2972972972972973, 0.30405405405405406, 0.31081081081081086, 0.3175675675675676, 0.32432432432432434, 0.3310810810810811, 0.33783783783783783, 0.3445945945945946, 0.35135135135135137, 0.3581081081081081, 0.3648648648648649, 0.37162162162162166, 0.3783783783783784, 0.38513513513513514, 0.3918918918918919, 0.3986486486486487, 0.40540540540540543, 0.41216216216216217, 0.41891891891891897, 0.4256756756756757, 0.43243243243243246, 0.4391891891891892, 0.44594594594594594, 0.45270270270270274, 0.4594594594594595, 0.46621621621621623, 0.472972972972973, 0.47972972972972977, 0.4864864864864865, 0.49324324324324326]
Amplitude: [95525.95381584794, 6395.799056424088, 3351.4739322315354, 3245.6412831625053, 6025.714163975415, 989.067858153786, 3342.625604279562, 1117.743425760397, 1993.684873654678, 671.3303506465696, 737.4874304697948, 2181.1827776216933, 2278.1583720763097, 2289.0689454725903, 150.29336639940524, 1649.2118527390523, 807.5571007813109, 1428.6844907526615, 1007.5790675990789, 1332.5365226482195, 662.235797161209, 1536.8650475583472, 1550.4022848535894, 1161.0516124788578, 1294.515961082167, 1145.9737212667333, 843.102903176914, 1030.3022944507825, 1109.308927398593, 692.7066003534138, 736.0461137491965, 973.787956109574, 1047.2125859951002, 888.5033028082515, 1212.5295435419669, 1101.1613169777133, 858.7111652120622, 924.6574134840623, 1035.8603281493704, 942.930285364844, 722.8901442834307, 871.4010064835182, 815.982827956202, 650.0010308657663, 850.0600039975777, 789.5980278239091, 582.2932293392822, 599.5475468080206, 845.7960304050583, 651.168001082121, 510.0695505805661, 617.496527674095, 661.6724304735741, 523.1384731319604, 478.3678393866169, 542.0230152493634, 467.9534086901243, 440.54277798991524, 464.96681720464653, 458.74197563939333, 371.1476779178944, 467.38130171761765, 327.46518611556456, 356.3926785323687, 244.61048916364396, 274.29794544655795, 218.8025434385194, 202.5706755056378, 190.6525461770221, 74.3665504018649, 165.85553161431014, 126.89263992652452, 207.13491934042096, 42.28380702531572]

landmark_16:
Frequency (Hz): [0.0, 0.006756756756756757, 0.013513513513513514, 0.02027027027027027, 0.02702702702702703, 0.033783783783783786, 0.04054054054054054, 0.0472972972972973, 0.05405405405405406, 0.060810810810810814, 0.06756756756756757, 0.07432432432432433, 0.08108108108108109, 0.08783783783783784, 0.0945945945945946, 0.10135135135135136, 0.10810810810810811, 0.11486486486486487, 0.12162162162162163, 0.1283783783783784, 0.13513513513513514, 0.14189189189189189, 0.14864864864864866, 0.15540540540540543, 0.16216216216216217, 0.16891891891891891, 0.17567567567567569, 0.18243243243243246, 0.1891891891891892, 0.19594594594594594, 0.20270270270270271, 0.20945945945945948, 0.21621621621621623, 0.22297297297297297, 0.22972972972972974, 0.2364864864864865, 0.24324324324324326, 0.25, 0.2567567567567568, 0.26351351351351354, 0.2702702702702703, 0.27702702702702703, 0.28378378378378377, 0.29054054054054057, 0.2972972972972973, 0.30405405405405406, 0.31081081081081086, 0.3175675675675676, 0.32432432432432434, 0.3310810810810811, 0.33783783783783783, 0.3445945945945946, 0.35135135135135137, 0.3581081081081081, 0.3648648648648649, 0.37162162162162166, 0.3783783783783784, 0.38513513513513514, 0.3918918918918919, 0.3986486486486487, 0.40540540540540543, 0.41216216216216217, 0.41891891891891897, 0.4256756756756757, 0.43243243243243246, 0.4391891891891892, 0.44594594594594594, 0.45270270270270274, 0.4594594594594595, 0.46621621621621623, 0.472972972972973, 0.47972972972972977, 0.4864864864864865, 0.49324324324324326]
Amplitude: [99194.3501123524, 6486.464730029973, 3874.836446687088, 1060.9755504343275, 3899.226655136571, 2706.799761299978, 4358.696181335566, 615.0321861674529, 1569.4115467107176, 2249.4387760926265, 2741.4341954165234, 2090.0874173570346, 471.91136578479745, 2017.218605384331, 598.5275886998762, 1720.4009406474252, 1308.9013857392795, 960.0677894125176, 535.7479097476598, 969.3116194106553, 1246.0226243054335, 1230.1987864529929, 832.3632697558497, 1079.3791771084511, 858.4941557089057, 974.5534211585176, 1281.8773502388467, 903.3883516421943, 762.0007980396333, 910.6360955255165, 1072.0952055059188, 898.293500640357, 980.7917843055548, 728.2272825129774, 879.4366403581346, 833.5735902121932, 968.4752051360422, 884.2397442511193, 820.8607725780512, 883.1113428677089, 935.5270687348442, 801.5750380452653, 731.5981503665888, 760.6695442769324, 636.2561097024493, 847.2561669684482, 586.9053681546609, 648.4997202042612, 565.1545261609693, 636.8662241087585, 657.3261530537555, 517.7744976894288, 571.3387541229489, 396.0303970065501, 541.7127277301606, 296.9602832131753, 571.0314269885184, 425.02754555666695, 399.8304604493159, 309.1997684792644, 386.99438243133403, 354.9495684910903, 342.9263099570994, 361.97192238375806, 233.88701413878806, 237.97712394620643, 336.44754885384646, 216.77248548577828, 187.08942699033176, 229.00239723390422, 149.2443532101947, 154.6382548692409, 262.53174317258765, 149.86594824821975]

landmark_17:
Frequency (Hz): [0.0, 0.006756756756756757, 0.013513513513513514, 0.02027027027027027, 0.02702702702702703, 0.033783783783783786, 0.04054054054054054, 0.0472972972972973, 0.05405405405405406, 0.060810810810810814, 0.06756756756756757, 0.07432432432432433, 0.08108108108108109, 0.08783783783783784, 0.0945945945945946, 0.10135135135135136, 0.10810810810810811, 0.11486486486486487, 0.12162162162162163, 0.1283783783783784, 0.13513513513513514, 0.14189189189189189, 0.14864864864864866, 0.15540540540540543, 0.16216216216216217, 0.16891891891891891, 0.17567567567567569, 0.18243243243243246, 0.1891891891891892, 0.19594594594594594, 0.20270270270270271, 0.20945945945945948, 0.21621621621621623, 0.22297297297297297, 0.22972972972972974, 0.2364864864864865, 0.24324324324324326, 0.25, 0.2567567567567568, 0.26351351351351354, 0.2702702702702703, 0.27702702702702703, 0.28378378378378377, 0.29054054054054057, 0.2972972972972973, 0.30405405405405406, 0.31081081081081086, 0.3175675675675676, 0.32432432432432434, 0.3310810810810811, 0.33783783783783783, 0.3445945945945946, 0.35135135135135137, 0.3581081081081081, 0.3648648648648649, 0.37162162162162166, 0.3783783783783784, 0.38513513513513514, 0.3918918918918919, 0.3986486486486487, 0.40540540540540543, 0.41216216216216217, 0.41891891891891897, 0.4256756756756757, 0.43243243243243246, 0.4391891891891892, 0.44594594594594594, 0.45270270270270274, 0.4594594594594595, 0.46621621621621623, 0.472972972972973, 0.47972972972972977, 0.4864864864864865, 0.49324324324324326]
Amplitude: [97570.12749292335, 7038.880663946176, 3906.713460887056, 3539.016664477001, 6886.615439109252, 1077.8865613734276, 3504.8118118504417, 1173.3052445266342, 2005.7640401201393, 603.4792361583636, 695.2951528639105, 2359.3768981826065, 2533.468017938961, 2485.796232677477, 290.1240710861939, 1758.924021376584, 828.3653009437033, 1462.48816828849, 1022.7202926538117, 1392.996196372666, 607.0711357901118, 1629.9939213708942, 1693.6737807420063, 1225.2522904358489, 1323.8511755374018, 1156.3612557339309, 884.7130030786026, 1040.99183759741, 1119.619332776973, 654.5630183731874, 705.8809126325831, 1016.0380647575633, 1087.6455737592848, 915.4561745892503, 1272.9854843200271, 1145.8246952050965, 870.9481479188693, 940.967029272577, 1068.9482931999291, 959.1546182588684, 719.0505368582127, 872.2074898557614, 850.3924508168644, 633.5335625570924, 885.5237794525793, 806.18083937908, 589.2826726428339, 611.7539046854386, 891.1285799546467, 651.9149374024398, 503.6957829119272, 625.4006223901725, 692.7566872769867, 514.148284802154, 483.91012798813165, 549.9336737038362, 491.694101932855, 448.89330297434793, 481.0820713276556, 470.9156117816016, 389.39140348181877, 503.77146750174586, 334.94228068325106, 366.16862791096855, 247.42625266135363, 284.66771431899036, 242.25273785368492, 203.0650681014074, 202.55352732331812, 52.4658769578466, 178.87584065695899, 122.07591249865186, 243.24673244999835, 77.23316429599025]

landmark_18:
Frequency (Hz): [0.0, 0.006756756756756757, 0.013513513513513514, 0.02027027027027027, 0.02702702702702703, 0.033783783783783786, 0.04054054054054054, 0.0472972972972973, 0.05405405405405406, 0.060810810810810814, 0.06756756756756757, 0.07432432432432433, 0.08108108108108109, 0.08783783783783784, 0.0945945945945946, 0.10135135135135136, 0.10810810810810811, 0.11486486486486487, 0.12162162162162163, 0.1283783783783784, 0.13513513513513514, 0.14189189189189189, 0.14864864864864866, 0.15540540540540543, 0.16216216216216217, 0.16891891891891891, 0.17567567567567569, 0.18243243243243246, 0.1891891891891892, 0.19594594594594594, 0.20270270270270271, 0.20945945945945948, 0.21621621621621623, 0.22297297297297297, 0.22972972972972974, 0.2364864864864865, 0.24324324324324326, 0.25, 0.2567567567567568, 0.26351351351351354, 0.2702702702702703, 0.27702702702702703, 0.28378378378378377, 0.29054054054054057, 0.2972972972972973, 0.30405405405405406, 0.31081081081081086, 0.3175675675675676, 0.32432432432432434, 0.3310810810810811, 0.33783783783783783, 0.3445945945945946, 0.35135135135135137, 0.3581081081081081, 0.3648648648648649, 0.37162162162162166, 0.3783783783783784, 0.38513513513513514, 0.3918918918918919, 0.3986486486486487, 0.40540540540540543, 0.41216216216216217, 0.41891891891891897, 0.4256756756756757, 0.43243243243243246, 0.4391891891891892, 0.44594594594594594, 0.45270270270270274, 0.4594594594594595, 0.46621621621621623, 0.472972972972973, 0.47972972972972977, 0.4864864864864865, 0.49324324324324326]
Amplitude: [101410.41701906346, 7154.436019521433, 4351.775640067595, 1070.8328278087024, 4165.147345620189, 3047.6737477071224, 4595.0608193919725, 623.976026901836, 1607.239835334638, 2522.603781333905, 2946.4134922175035, 2226.7466280584126, 378.62504610948133, 2147.109778668626, 586.0259375709572, 1754.7259145476812, 1321.6158627696796, 997.899389184455, 494.3895805613825, 939.5288532714842, 1290.5997970586832, 1260.4814499046997, 809.1319151317431, 1099.131696195623, 846.5668133611206, 969.2625720655692, 1311.5929579946358, 879.608922300911, 738.1204315550507, 903.069271029863, 1095.5742419937797, 875.5942890218004, 1000.5954137870086, 691.4831197749384, 879.7247057755839, 796.9197148770332, 997.0802157631489, 881.5231223725355, 851.305034046598, 905.8410766317367, 942.6381607181924, 801.7116068445632, 741.4009047834319, 780.9991520049224, 629.5567019252602, 857.6365506825437, 575.4568696473245, 658.0799655174533, 556.2836608264184, 648.1004545794746, 672.5053932552373, 532.9203536464352, 580.297425207817, 376.88524511582244, 544.4189054247959, 254.88465550588563, 599.2807770489724, 429.14676516567295, 415.26109901934905, 273.57393669234824, 405.26627569650674, 359.0305646875006, 348.3915623191975, 381.85056845182964, 231.2593910786388, 226.6120851229917, 352.9711059680809, 214.35597624062012, 177.62498520722016, 260.09246134909995, 152.61979023909743, 176.02666830858792, 265.1732033986228, 165.69645388218098]

landmark_19:
Frequency (Hz): [0.0, 0.006756756756756757, 0.013513513513513514, 0.02027027027027027, 0.02702702702702703, 0.033783783783783786, 0.04054054054054054, 0.0472972972972973, 0.05405405405405406, 0.060810810810810814, 0.06756756756756757, 0.07432432432432433, 0.08108108108108109, 0.08783783783783784, 0.0945945945945946, 0.10135135135135136, 0.10810810810810811, 0.11486486486486487, 0.12162162162162163, 0.1283783783783784, 0.13513513513513514, 0.14189189189189189, 0.14864864864864866, 0.15540540540540543, 0.16216216216216217, 0.16891891891891891, 0.17567567567567569, 0.18243243243243246, 0.1891891891891892, 0.19594594594594594, 0.20270270270270271, 0.20945945945945948, 0.21621621621621623, 0.22297297297297297, 0.22972972972972974, 0.2364864864864865, 0.24324324324324326, 0.25, 0.2567567567567568, 0.26351351351351354, 0.2702702702702703, 0.27702702702702703, 0.28378378378378377, 0.29054054054054057, 0.2972972972972973, 0.30405405405405406, 0.31081081081081086, 0.3175675675675676, 0.32432432432432434, 0.3310810810810811, 0.33783783783783783, 0.3445945945945946, 0.35135135135135137, 0.3581081081081081, 0.3648648648648649, 0.37162162162162166, 0.3783783783783784, 0.38513513513513514, 0.3918918918918919, 0.3986486486486487, 0.40540540540540543, 0.41216216216216217, 0.41891891891891897, 0.4256756756756757, 0.43243243243243246, 0.4391891891891892, 0.44594594594594594, 0.45270270270270274, 0.4594594594594595, 0.46621621621621623, 0.472972972972973, 0.47972972972972977, 0.4864864864864865, 0.49324324324324326]
Amplitude: [97368.5274711224, 7207.326944724088, 3596.6713294533592, 3686.148112898647, 6658.727550605498, 996.3879437400566, 3425.0729311888745, 1142.2983634804073, 1946.558411719709, 643.7063755540045, 737.6814012003074, 2427.8935349155904, 2491.9232782709187, 2480.5000063964944, 366.4525000769709, 1717.6334283407389, 834.0329281822386, 1460.1163471528478, 996.7764405681047, 1361.4272064377656, 621.2572197301441, 1636.3556685590559, 1652.7287126057633, 1195.86026288785, 1331.8956356372123, 1136.8058612388454, 862.647016387704, 1025.662509632541, 1134.8988146461604, 637.0466162874055, 725.8647600084901, 982.9158381827385, 1092.9970535681912, 881.6829782398912, 1262.9589171741752, 1133.8421557159159, 875.5350020325025, 931.9548255927741, 1040.52372983514, 952.329008635496, 719.3687582099676, 870.6945493852519, 824.2394459397065, 624.1946012290334, 874.1170681439637, 828.6105830847199, 574.3600370849028, 615.9668313420513, 882.9265453134783, 667.6085146043987, 486.23477165616725, 622.1548121432403, 677.1259489042615, 518.8512923135031, 480.0119430000133, 559.1173165875891, 479.84812691140496, 444.2723037923045, 478.91080498987293, 476.47921866380324, 378.026231447682, 489.7722652508377, 316.4336610928642, 379.73439821022373, 223.2042389491718, 289.0277185921542, 221.4944136055953, 218.009808396883, 179.31597729705865, 68.634818560098, 144.82443475239617, 130.9910875504716, 215.295495963198, 53.700429083004444]

landmark_20:
Frequency (Hz): [0.0, 0.006756756756756757, 0.013513513513513514, 0.02027027027027027, 0.02702702702702703, 0.033783783783783786, 0.04054054054054054, 0.0472972972972973, 0.05405405405405406, 0.060810810810810814, 0.06756756756756757, 0.07432432432432433, 0.08108108108108109, 0.08783783783783784, 0.0945945945945946, 0.10135135135135136, 0.10810810810810811, 0.11486486486486487, 0.12162162162162163, 0.1283783783783784, 0.13513513513513514, 0.14189189189189189, 0.14864864864864866, 0.15540540540540543, 0.16216216216216217, 0.16891891891891891, 0.17567567567567569, 0.18243243243243246, 0.1891891891891892, 0.19594594594594594, 0.20270270270270271, 0.20945945945945948, 0.21621621621621623, 0.22297297297297297, 0.22972972972972974, 0.2364864864864865, 0.24324324324324326, 0.25, 0.2567567567567568, 0.26351351351351354, 0.2702702702702703, 0.27702702702702703, 0.28378378378378377, 0.29054054054054057, 0.2972972972972973, 0.30405405405405406, 0.31081081081081086, 0.3175675675675676, 0.32432432432432434, 0.3310810810810811, 0.33783783783783783, 0.3445945945945946, 0.35135135135135137, 0.3581081081081081, 0.3648648648648649, 0.37162162162162166, 0.3783783783783784, 0.38513513513513514, 0.3918918918918919, 0.3986486486486487, 0.40540540540540543, 0.41216216216216217, 0.41891891891891897, 0.4256756756756757, 0.43243243243243246, 0.4391891891891892, 0.44594594594594594, 0.45270270270270274, 0.4594594594594595, 0.46621621621621623, 0.472972972972973, 0.47972972972972977, 0.4864864864864865, 0.49324324324324326]
Amplitude: [101260.34780045718, 7023.272784922926, 4628.668482038641, 1098.6453118755135, 3957.980206906838, 2972.8095915602507, 4539.093283357774, 608.0941315358466, 1670.1731271584326, 2455.4587015010143, 2902.595095382821, 2195.9032996771175, 328.62720448701316, 2112.8322433424473, 565.6106217167056, 1747.8954981835234, 1326.3677125917195, 936.9600048481168, 521.7327770941821, 941.1266136318997, 1321.5419912517266, 1215.491086531588, 791.6552308899462, 1062.3508939043752, 869.6820848904974, 961.888587867669, 1309.8425208162892, 898.6091543354817, 764.8285757217003, 892.9686568182278, 1066.040466893547, 870.8904834093721, 987.8665626102332, 715.1696842958047, 859.8812722120821, 785.7477618188341, 993.202172919878, 882.9480217815166, 842.1238467743519, 909.7293566765569, 928.0369137564102, 811.8191177671134, 724.5205889043268, 759.530854804405, 626.2074046286833, 852.1483866429428, 585.7489787066537, 649.3265517326535, 554.7444968989439, 636.9958414738338, 664.2026698525111, 517.555735236552, 572.4985060760868, 377.43958309616215, 550.6331337927691, 270.1395173121725, 570.5030726674377, 440.7347280525988, 415.8863009658892, 293.0351542038355, 391.6764571720773, 362.1675272419288, 343.69633609753595, 387.8346677148444, 220.05261803386372, 222.74593480858132, 347.23690772112434, 220.43143638741972, 194.04663337009194, 247.80186269610763, 146.4293038208746, 178.66793659196557, 274.6241905468707, 150.35583477124845]

landmark_21:
Frequency (Hz): [0.0, 0.006756756756756757, 0.013513513513513514, 0.02027027027027027, 0.02702702702702703, 0.033783783783783786, 0.04054054054054054, 0.0472972972972973, 0.05405405405405406, 0.060810810810810814, 0.06756756756756757, 0.07432432432432433, 0.08108108108108109, 0.08783783783783784, 0.0945945945945946, 0.10135135135135136, 0.10810810810810811, 0.11486486486486487, 0.12162162162162163, 0.1283783783783784, 0.13513513513513514, 0.14189189189189189, 0.14864864864864866, 0.15540540540540543, 0.16216216216216217, 0.16891891891891891, 0.17567567567567569, 0.18243243243243246, 0.1891891891891892, 0.19594594594594594, 0.20270270270270271, 0.20945945945945948, 0.21621621621621623, 0.22297297297297297, 0.22972972972972974, 0.2364864864864865, 0.24324324324324326, 0.25, 0.2567567567567568, 0.26351351351351354, 0.2702702702702703, 0.27702702702702703, 0.28378378378378377, 0.29054054054054057, 0.2972972972972973, 0.30405405405405406, 0.31081081081081086, 0.3175675675675676, 0.32432432432432434, 0.3310810810810811, 0.33783783783783783, 0.3445945945945946, 0.35135135135135137, 0.3581081081081081, 0.3648648648648649, 0.37162162162162166, 0.3783783783783784, 0.38513513513513514, 0.3918918918918919, 0.3986486486486487, 0.40540540540540543, 0.41216216216216217, 0.41891891891891897, 0.4256756756756757, 0.43243243243243246, 0.4391891891891892, 0.44594594594594594, 0.45270270270270274, 0.4594594594594595, 0.46621621621621623, 0.472972972972973, 0.47972972972972977, 0.4864864864864865, 0.49324324324324326]
Amplitude: [95723.38974351755, 6913.276018601935, 3520.8308153955345, 3509.313475043011, 6190.395065082229, 932.4388928560621, 3270.611108823978, 1130.2810152180177, 1970.9815249851608, 653.3875370161743, 731.1651448375487, 2232.3876752035408, 2320.8431584715795, 2310.939334364701, 197.7133157304362, 1642.7137449416682, 799.4678714088868, 1422.3022106881915, 979.0687639866168, 1320.5299918946807, 645.0461925663757, 1552.9460075338218, 1553.8948702928542, 1144.8845791859644, 1288.6689184047991, 1123.4716025164416, 831.2247068053699, 1002.4400921713075, 1106.4787628996187, 669.3858967029362, 730.8884525579379, 956.8042624490422, 1046.1346583932468, 857.5957817579313, 1204.9478224513152, 1096.0988692273477, 840.3015722633196, 904.7930832716796, 1013.7222050255124, 932.2647692680563, 715.137267606895, 851.2445361641799, 798.6573233254753, 637.5956746557688, 842.9329651403426, 795.3968212992978, 566.6013631345056, 594.3936455888094, 844.3373186437176, 659.3557886626454, 492.94046729112597, 600.1342909679972, 656.8341658112276, 519.9036122189739, 465.02441137660844, 534.5912865933118, 469.031054194846, 429.21755753662205, 458.7893005026054, 461.90609736851565, 365.59795483047077, 454.64456306149435, 316.2359005034388, 371.17497004586454, 222.3893971952608, 279.23947856675454, 218.82999192787653, 206.44191174588204, 176.17041311060635, 80.34094341207968, 157.23628735764922, 123.4295780592835, 205.43144326871365, 48.73211106456937]

landmark_22:
Frequency (Hz): [0.0, 0.006756756756756757, 0.013513513513513514, 0.02027027027027027, 0.02702702702702703, 0.033783783783783786, 0.04054054054054054, 0.0472972972972973, 0.05405405405405406, 0.060810810810810814, 0.06756756756756757, 0.07432432432432433, 0.08108108108108109, 0.08783783783783784, 0.0945945945945946, 0.10135135135135136, 0.10810810810810811, 0.11486486486486487, 0.12162162162162163, 0.1283783783783784, 0.13513513513513514, 0.14189189189189189, 0.14864864864864866, 0.15540540540540543, 0.16216216216216217, 0.16891891891891891, 0.17567567567567569, 0.18243243243243246, 0.1891891891891892, 0.19594594594594594, 0.20270270270270271, 0.20945945945945948, 0.21621621621621623, 0.22297297297297297, 0.22972972972972974, 0.2364864864864865, 0.24324324324324326, 0.25, 0.2567567567567568, 0.26351351351351354, 0.2702702702702703, 0.27702702702702703, 0.28378378378378377, 0.29054054054054057, 0.2972972972972973, 0.30405405405405406, 0.31081081081081086, 0.3175675675675676, 0.32432432432432434, 0.3310810810810811, 0.33783783783783783, 0.3445945945945946, 0.35135135135135137, 0.3581081081081081, 0.3648648648648649, 0.37162162162162166, 0.3783783783783784, 0.38513513513513514, 0.3918918918918919, 0.3986486486486487, 0.40540540540540543, 0.41216216216216217, 0.41891891891891897, 0.4256756756756757, 0.43243243243243246, 0.4391891891891892, 0.44594594594594594, 0.45270270270270274, 0.4594594594594595, 0.46621621621621623, 0.472972972972973, 0.47972972972972977, 0.4864864864864865, 0.49324324324324326]
Amplitude: [99633.66034127107, 6614.067785814947, 4041.5132515885143, 1118.0457733594626, 3771.1534798244884, 2875.7884098386726, 4243.479361398237, 705.067500704438, 1643.4876615160783, 2300.3355298597417, 2716.186357593999, 2139.9040366940467, 443.51806803395283, 2031.7871063633368, 595.2278641802222, 1706.363406110937, 1326.7022254466399, 942.0846379762621, 559.1941557587351, 957.4266208292695, 1271.0767717305089, 1198.4380360519851, 819.506836001685, 1067.5296149617793, 874.7072867146319, 959.2810499287959, 1276.772221985757, 907.7059876590233, 750.5608669582443, 893.026210831042, 1057.5865510062874, 873.4741244332482, 961.2770788910805, 728.9944782167837, 871.7255593421852, 806.2349408328008, 969.6201434592563, 879.7538669884351, 824.1394339740783, 882.1303439160955, 923.9499895465734, 802.5904853728512, 724.368677764416, 747.0104212392567, 635.8030648922008, 833.7674221103698, 597.397617046379, 644.3539435912261, 564.1429882312439, 634.7174856073296, 648.9430421410823, 509.4605179655508, 565.3858670861778, 400.0844760630273, 532.1668770839378, 295.5260414989266, 560.7492542847846, 429.38589517920843, 403.0376886791219, 304.10386026716895, 381.9101719748917, 356.0733606882193, 339.43998116387195, 367.0339878281157, 225.09653121879327, 227.47871504435986, 340.57714095207734, 220.80376150198464, 196.43379345017254, 232.99378702812396, 146.5609827332712, 163.86427969825252, 268.17127920603593, 154.25195310279165]

landmark_23:
Frequency (Hz): [0.0, 0.006756756756756757, 0.013513513513513514, 0.02027027027027027, 0.02702702702702703, 0.033783783783783786, 0.04054054054054054, 0.0472972972972973, 0.05405405405405406, 0.060810810810810814, 0.06756756756756757, 0.07432432432432433, 0.08108108108108109, 0.08783783783783784, 0.0945945945945946, 0.10135135135135136, 0.10810810810810811, 0.11486486486486487, 0.12162162162162163, 0.1283783783783784, 0.13513513513513514, 0.14189189189189189, 0.14864864864864866, 0.15540540540540543, 0.16216216216216217, 0.16891891891891891, 0.17567567567567569, 0.18243243243243246, 0.1891891891891892, 0.19594594594594594, 0.20270270270270271, 0.20945945945945948, 0.21621621621621623, 0.22297297297297297, 0.22972972972972974, 0.2364864864864865, 0.24324324324324326, 0.25, 0.2567567567567568, 0.26351351351351354, 0.2702702702702703, 0.27702702702702703, 0.28378378378378377, 0.29054054054054057, 0.2972972972972973, 0.30405405405405406, 0.31081081081081086, 0.3175675675675676, 0.32432432432432434, 0.3310810810810811, 0.33783783783783783, 0.3445945945945946, 0.35135135135135137, 0.3581081081081081, 0.3648648648648649, 0.37162162162162166, 0.3783783783783784, 0.38513513513513514, 0.3918918918918919, 0.3986486486486487, 0.40540540540540543, 0.41216216216216217, 0.41891891891891897, 0.4256756756756757, 0.43243243243243246, 0.4391891891891892, 0.44594594594594594, 0.45270270270270274, 0.4594594594594595, 0.46621621621621623, 0.472972972972973, 0.47972972972972977, 0.4864864864864865, 0.49324324324324326]
Amplitude: [68996.16275478079, 1009.1228055464164, 2205.3308647320277, 793.2893022943796, 740.6687500208351, 934.6838988742221, 1007.062405746322, 1059.2565935134528, 1038.3749483864226, 981.6683671280429, 889.5217624320845, 940.1740608083218, 896.570822282521, 956.7840838547507, 897.0047207050974, 900.3853401673745, 880.0180368402018, 878.404894428147, 890.587700014926, 857.9309044711625, 872.1579074650056, 866.9488015487592, 882.2251613664772, 828.9280631302403, 826.9556881020792, 813.6987922354155, 807.3925082781481, 798.823508813015, 791.2146731430323, 773.3126690305356, 771.7006261557791, 748.6289356972935, 740.6189134873968, 723.7929177664643, 722.4406877334258, 700.7609527726366, 683.7087333014944, 664.9332936294066, 650.0067199795166, 642.6532940054462, 628.1049310810185, 615.5823387381384, 592.8563414873736, 582.4579251086654, 559.9907323272165, 554.0929780575475, 538.576620860595, 520.9482962463835, 495.28091416352913, 487.897336285181, 465.36525062345225, 446.59798827325005, 424.1620243069452, 406.9784073192192, 392.11366722799994, 371.0920982837606, 353.26378668758673, 340.613931689372, 317.20859246513817, 291.53326671227575, 277.71322805714993, 261.42865007851594, 238.1736841906509, 218.16019533414934, 202.25912018008202, 182.79397417764565, 158.4283058479082, 141.04123743995382, 123.73909059936675, 100.55973095155979, 77.950267070715, 62.16222876358256, 44.4794736020521, 29.69632369958349]

landmark_24:
Frequency (Hz): [0.0, 0.006756756756756757, 0.013513513513513514, 0.02027027027027027, 0.02702702702702703, 0.033783783783783786, 0.04054054054054054, 0.0472972972972973, 0.05405405405405406, 0.060810810810810814, 0.06756756756756757, 0.07432432432432433, 0.08108108108108109, 0.08783783783783784, 0.0945945945945946, 0.10135135135135136, 0.10810810810810811, 0.11486486486486487, 0.12162162162162163, 0.1283783783783784, 0.13513513513513514, 0.14189189189189189, 0.14864864864864866, 0.15540540540540543, 0.16216216216216217, 0.16891891891891891, 0.17567567567567569, 0.18243243243243246, 0.1891891891891892, 0.19594594594594594, 0.20270270270270271, 0.20945945945945948, 0.21621621621621623, 0.22297297297297297, 0.22972972972972974, 0.2364864864864865, 0.24324324324324326, 0.25, 0.2567567567567568, 0.26351351351351354, 0.2702702702702703, 0.27702702702702703, 0.28378378378378377, 0.29054054054054057, 0.2972972972972973, 0.30405405405405406, 0.31081081081081086, 0.3175675675675676, 0.32432432432432434, 0.3310810810810811, 0.33783783783783783, 0.3445945945945946, 0.35135135135135137, 0.3581081081081081, 0.3648648648648649, 0.37162162162162166, 0.3783783783783784, 0.38513513513513514, 0.3918918918918919, 0.3986486486486487, 0.40540540540540543, 0.41216216216216217, 0.41891891891891897, 0.4256756756756757, 0.43243243243243246, 0.4391891891891892, 0.44594594594594594, 0.45270270270270274, 0.4594594594594595, 0.46621621621621623, 0.472972972972973, 0.47972972972972977, 0.4864864864864865, 0.49324324324324326]
Amplitude: [68743.5897753472, 1330.5831683164022, 890.5787156547941, 1105.519518319516, 626.1505905930032, 997.0714145522553, 929.8525693863859, 1098.5080875653073, 928.4124125715463, 964.218476997304, 841.9996330295816, 932.6611276978198, 894.8201770002556, 942.8243645104092, 885.7911853894219, 902.2152918698732, 882.598051593986, 867.6299435704939, 842.9602355124464, 853.4703157534221, 851.3362706964119, 855.9547753063615, 845.310194159532, 824.4536382395429, 810.8579802110611, 806.024958611233, 791.0381087736348, 793.8051760707364, 775.8131242817611, 767.4744781975164, 758.8974644189698, 739.2081020909446, 725.3909717468275, 716.4254933880709, 709.4747107546661, 684.6740929297872, 676.9333447873273, 662.4987329563663, 652.5449650865626, 636.2275821745269, 630.0541560051838, 614.1557885003706, 595.6250926188906, 575.49594295846, 563.3562194592342, 548.1727017313245, 532.4433295780182, 516.1637144901129, 498.9142017159221, 476.68219944866513, 457.9784231053937, 440.7594820818355, 423.7387854742372, 401.19856891665705, 388.4785313856508, 368.25339120592145, 354.7400552836935, 330.0716155053857, 314.58209239083203, 294.10504314945644, 280.6718394691927, 252.16568458967632, 238.63067324406774, 217.2882930810553, 202.68849869936926, 173.72384596281663, 162.89507688073172, 139.59810661887244, 123.29193853151915, 98.72991455623615, 85.48431121804404, 57.83171359178177, 42.34500089215101, 23.591451558902882]

landmark_25:
Frequency (Hz): [0.0, 0.006756756756756757, 0.013513513513513514, 0.02027027027027027, 0.02702702702702703, 0.033783783783783786, 0.04054054054054054, 0.0472972972972973, 0.05405405405405406, 0.060810810810810814, 0.06756756756756757, 0.07432432432432433, 0.08108108108108109, 0.08783783783783784, 0.0945945945945946, 0.10135135135135136, 0.10810810810810811, 0.11486486486486487, 0.12162162162162163, 0.1283783783783784, 0.13513513513513514, 0.14189189189189189, 0.14864864864864866, 0.15540540540540543, 0.16216216216216217, 0.16891891891891891, 0.17567567567567569, 0.18243243243243246, 0.1891891891891892, 0.19594594594594594, 0.20270270270270271, 0.20945945945945948, 0.21621621621621623, 0.22297297297297297, 0.22972972972972974, 0.2364864864864865, 0.24324324324324326, 0.25, 0.2567567567567568, 0.26351351351351354, 0.2702702702702703, 0.27702702702702703, 0.28378378378378377, 0.29054054054054057, 0.2972972972972973, 0.30405405405405406, 0.31081081081081086, 0.3175675675675676, 0.32432432432432434, 0.3310810810810811, 0.33783783783783783, 0.3445945945945946, 0.35135135135135137, 0.3581081081081081, 0.3648648648648649, 0.37162162162162166, 0.3783783783783784, 0.38513513513513514, 0.3918918918918919, 0.3986486486486487, 0.40540540540540543, 0.41216216216216217, 0.41891891891891897, 0.4256756756756757, 0.43243243243243246, 0.4391891891891892, 0.44594594594594594, 0.45270270270270274, 0.4594594594594595, 0.46621621621621623, 0.472972972972973, 0.47972972972972977, 0.4864864864864865, 0.49324324324324326]
Amplitude: [60986.11888586869, 1036.7191874498749, 2738.9794696840877, 652.3736944117405, 1054.1571777872714, 700.3712249637779, 794.3493611670829, 801.2568259693692, 1403.219177551962, 708.136072376151, 807.9583343495764, 739.2068376235496, 682.0630900303108, 627.9137077402129, 839.6495776681543, 889.7813559155574, 781.1048388395351, 817.2644345334915, 725.6058968845206, 707.0896580063622, 779.2058491912526, 822.03701946979, 818.5356235979542, 719.6261231660498, 672.2790821221189, 698.3355015725966, 741.7411251546883, 717.8695166802389, 753.4569732180212, 625.8057037819896, 608.2101509990845, 657.6173301301571, 649.6035198464192, 635.715265782498, 629.7932916197868, 586.3715166258065, 566.9309004402006, 581.4049661305278, 602.7980971256717, 541.7218170429344, 568.393812492959, 549.67718717111, 489.5679357327761, 489.2006091643837, 512.6734106282356, 479.0699345268313, 443.04293142140995, 453.4350286848916, 441.2129776947399, 403.9562817102859, 389.1729185087886, 395.6215307604473, 360.167266685502, 363.34039267788785, 340.61903973716653, 318.9775001305518, 310.3955490616758, 309.38744531281, 260.3543387121075, 244.45018445071094, 247.9905310808186, 230.1291597058402, 202.65214985903594, 207.59265953462756, 159.90350355533425, 149.8886559452121, 143.88803008595684, 139.16769253397834, 88.3535712889109, 89.7416615066491, 61.81450027253672, 53.19654664831268, 46.18161990873513, 30.756048225237254]

landmark_26:
Frequency (Hz): [0.0, 0.006756756756756757, 0.013513513513513514, 0.02027027027027027, 0.02702702702702703, 0.033783783783783786, 0.04054054054054054, 0.0472972972972973, 0.05405405405405406, 0.060810810810810814, 0.06756756756756757, 0.07432432432432433, 0.08108108108108109, 0.08783783783783784, 0.0945945945945946, 0.10135135135135136, 0.10810810810810811, 0.11486486486486487, 0.12162162162162163, 0.1283783783783784, 0.13513513513513514, 0.14189189189189189, 0.14864864864864866, 0.15540540540540543, 0.16216216216216217, 0.16891891891891891, 0.17567567567567569, 0.18243243243243246, 0.1891891891891892, 0.19594594594594594, 0.20270270270270271, 0.20945945945945948, 0.21621621621621623, 0.22297297297297297, 0.22972972972972974, 0.2364864864864865, 0.24324324324324326, 0.25, 0.2567567567567568, 0.26351351351351354, 0.2702702702702703, 0.27702702702702703, 0.28378378378378377, 0.29054054054054057, 0.2972972972972973, 0.30405405405405406, 0.31081081081081086, 0.3175675675675676, 0.32432432432432434, 0.3310810810810811, 0.33783783783783783, 0.3445945945945946, 0.35135135135135137, 0.3581081081081081, 0.3648648648648649, 0.37162162162162166, 0.3783783783783784, 0.38513513513513514, 0.3918918918918919, 0.3986486486486487, 0.40540540540540543, 0.41216216216216217, 0.41891891891891897, 0.4256756756756757, 0.43243243243243246, 0.4391891891891892, 0.44594594594594594, 0.45270270270270274, 0.4594594594594595, 0.46621621621621623, 0.472972972972973, 0.47972972972972977, 0.4864864864864865, 0.49324324324324326]
Amplitude: [60473.5430735217, 1549.5637980826696, 559.4543210230329, 897.8475986498161, 360.3701104820291, 1058.0780957077347, 782.9350115587876, 885.1058548090522, 834.1534835963021, 895.2664713663563, 931.6749924553772, 904.9346672316132, 822.015890608379, 761.3406333030571, 757.0398276412808, 792.4788143758707, 718.4927793373133, 792.2997895985533, 735.4242319822541, 811.6024944766766, 686.5732830922682, 776.8600890822818, 712.0511644369678, 804.1798039704462, 737.4551693365408, 773.8460832649661, 728.7989683320776, 715.8481296093709, 698.0706284975541, 678.2496223984505, 707.411265982503, 668.2603543781113, 684.6226141477592, 664.9877755480043, 658.8334007356367, 644.3992707243389, 626.7339604611298, 624.9246028138791, 597.4677067061094, 607.954378085718, 560.9456075124075, 565.0255338511516, 521.049062017265, 512.7174618166915, 502.68156287158547, 476.2333323251236, 491.81803355058344, 457.49629667183126, 456.4482950854262, 439.98356116785897, 432.25885039017453, 414.99300579100213, 399.40970385197863, 376.57486333182146, 365.17555967152515, 336.42036446968046, 325.40973928513, 284.3857710781441, 283.5269446838228, 255.69778724874348, 260.9019310632604, 214.5681551230378, 232.6212791775741, 197.7966609071077, 210.7415008352788, 136.33266404683698, 144.35961132699776, 91.9558538504798, 102.23565784889828, 66.73627375059418, 73.29709039711777, 45.249093300842254, 34.57569434409322, 22.28182921697274]

landmark_27:
Frequency (Hz): [0.0, 0.006756756756756757, 0.013513513513513514, 0.02027027027027027, 0.02702702702702703, 0.033783783783783786, 0.04054054054054054, 0.0472972972972973, 0.05405405405405406, 0.060810810810810814, 0.06756756756756757, 0.07432432432432433, 0.08108108108108109, 0.08783783783783784, 0.0945945945945946, 0.10135135135135136, 0.10810810810810811, 0.11486486486486487, 0.12162162162162163, 0.1283783783783784, 0.13513513513513514, 0.14189189189189189, 0.14864864864864866, 0.15540540540540543, 0.16216216216216217, 0.16891891891891891, 0.17567567567567569, 0.18243243243243246, 0.1891891891891892, 0.19594594594594594, 0.20270270270270271, 0.20945945945945948, 0.21621621621621623, 0.22297297297297297, 0.22972972972972974, 0.2364864864864865, 0.24324324324324326, 0.25, 0.2567567567567568, 0.26351351351351354, 0.2702702702702703, 0.27702702702702703, 0.28378378378378377, 0.29054054054054057, 0.2972972972972973, 0.30405405405405406, 0.31081081081081086, 0.3175675675675676, 0.32432432432432434, 0.3310810810810811, 0.33783783783783783, 0.3445945945945946, 0.35135135135135137, 0.3581081081081081, 0.3648648648648649, 0.37162162162162166, 0.3783783783783784, 0.38513513513513514, 0.3918918918918919, 0.3986486486486487, 0.40540540540540543, 0.41216216216216217, 0.41891891891891897, 0.4256756756756757, 0.43243243243243246, 0.4391891891891892, 0.44594594594594594, 0.45270270270270274, 0.4594594594594595, 0.46621621621621623, 0.472972972972973, 0.47972972972972977, 0.4864864864864865, 0.49324324324324326]
Amplitude: [57561.26731261411, 1160.0718766937732, 3646.788644983194, 897.9453058499935, 1593.839595693107, 1354.888364561976, 533.5939874946831, 869.8538478959317, 1288.1929861205529, 600.6804721545368, 960.2141814794371, 1003.5750762885295, 460.4101152087066, 667.0439495736211, 836.9372933718306, 739.4278849209251, 757.3119611082805, 938.3669312728156, 476.27140603482167, 664.5902978564504, 810.8021613042038, 795.7468617761472, 874.7891924563129, 656.2519574901195, 520.1373427789417, 588.9647245492597, 699.0581438974874, 684.0458852647207, 736.6919793848682, 562.096612018185, 508.75406768263565, 655.0282689377367, 618.300901985797, 610.9738352766036, 621.6259958504311, 478.8831972137863, 429.3252559550639, 588.8277017364189, 587.9808603016846, 453.84032005166614, 561.8135536357107, 568.5384032079802, 401.6048431718789, 445.998377590279, 526.0459203366315, 426.01329715061735, 366.1118933418705, 464.09635038520247, 419.2520456807885, 351.98648750493555, 371.2947720707151, 390.2525143416044, 327.823085908749, 339.7722577749858, 331.5510733551533, 251.47077148205767, 286.12525240284793, 348.95469461839195, 223.50669040390494, 202.09745737832037, 271.5147549414291, 214.5250902097111, 157.9773536685883, 221.78694962091976, 135.0321329847626, 93.19703534360853, 163.8452041506326, 170.91255801333742, 95.72719932639808, 65.72594869689854, 43.934604964325075, 40.35860518197865, 74.14116977102427, 31.7257083747606]

landmark_28:
Frequency (Hz): [0.0, 0.006756756756756757, 0.013513513513513514, 0.02027027027027027, 0.02702702702702703, 0.033783783783783786, 0.04054054054054054, 0.0472972972972973, 0.05405405405405406, 0.060810810810810814, 0.06756756756756757, 0.07432432432432433, 0.08108108108108109, 0.08783783783783784, 0.0945945945945946, 0.10135135135135136, 0.10810810810810811, 0.11486486486486487, 0.12162162162162163, 0.1283783783783784, 0.13513513513513514, 0.14189189189189189, 0.14864864864864866, 0.15540540540540543, 0.16216216216216217, 0.16891891891891891, 0.17567567567567569, 0.18243243243243246, 0.1891891891891892, 0.19594594594594594, 0.20270270270270271, 0.20945945945945948, 0.21621621621621623, 0.22297297297297297, 0.22972972972972974, 0.2364864864864865, 0.24324324324324326, 0.25, 0.2567567567567568, 0.26351351351351354, 0.2702702702702703, 0.27702702702702703, 0.28378378378378377, 0.29054054054054057, 0.2972972972972973, 0.30405405405405406, 0.31081081081081086, 0.3175675675675676, 0.32432432432432434, 0.3310810810810811, 0.33783783783783783, 0.3445945945945946, 0.35135135135135137, 0.3581081081081081, 0.3648648648648649, 0.37162162162162166, 0.3783783783783784, 0.38513513513513514, 0.3918918918918919, 0.3986486486486487, 0.40540540540540543, 0.41216216216216217, 0.41891891891891897, 0.4256756756756757, 0.43243243243243246, 0.4391891891891892, 0.44594594594594594, 0.45270270270270274, 0.4594594594594595, 0.46621621621621623, 0.472972972972973, 0.47972972972972977, 0.4864864864864865, 0.49324324324324326]
Amplitude: [57162.08515028791, 2269.5882375862593, 2731.57671068441, 1901.5845303780936, 782.1474153438209, 1021.8016196670096, 933.9118014760113, 701.2989208886967, 834.4592251857664, 1081.067423704147, 933.8631797466064, 1030.4166095841533, 1086.3993314023287, 946.326923687868, 682.6327840302232, 943.1211243937889, 734.4991607767894, 999.3004344473337, 726.8475307259565, 1066.3895390357966, 610.7977984009444, 887.174662278127, 769.1243417814077, 833.7802013234593, 873.3197334640847, 892.764201036716, 832.4458271376376, 820.2386358905097, 781.6546031271832, 761.584359811627, 806.9877634007935, 719.2567103948023, 861.6148271826148, 712.3579922944703, 750.132379366399, 744.5779502360781, 668.9275652873273, 763.2973429806619, 694.4158556387476, 715.9078330134405, 638.6194319491635, 574.7853884476544, 548.7863359704636, 491.5343667536056, 480.97510884717656, 459.811888747836, 467.13701239534953, 470.7826672948818, 489.4896804123419, 492.4588861524113, 503.8421886867657, 455.5565011438545, 435.4117391512834, 416.524043179184, 362.8605489315141, 373.14274060482234, 336.28030175115344, 313.7339770245337, 295.84877514859625, 275.52103194736435, 277.59545627773247, 246.28940209476923, 252.60604034816876, 198.21620119263926, 225.45223479639483, 93.50469931485256, 150.57149722642365, 68.84888222456772, 80.36670340583412, 72.3777626378079, 85.18484233334541, 83.72753962461417, 72.34862611744617, 42.61648649458827]

landmark_29:
Frequency (Hz): [0.0, 0.006756756756756757, 0.013513513513513514, 0.02027027027027027, 0.02702702702702703, 0.033783783783783786, 0.04054054054054054, 0.0472972972972973, 0.05405405405405406, 0.060810810810810814, 0.06756756756756757, 0.07432432432432433, 0.08108108108108109, 0.08783783783783784, 0.0945945945945946, 0.10135135135135136, 0.10810810810810811, 0.11486486486486487, 0.12162162162162163, 0.1283783783783784, 0.13513513513513514, 0.14189189189189189, 0.14864864864864866, 0.15540540540540543, 0.16216216216216217, 0.16891891891891891, 0.17567567567567569, 0.18243243243243246, 0.1891891891891892, 0.19594594594594594, 0.20270270270270271, 0.20945945945945948, 0.21621621621621623, 0.22297297297297297, 0.22972972972972974, 0.2364864864864865, 0.24324324324324326, 0.25, 0.2567567567567568, 0.26351351351351354, 0.2702702702702703, 0.27702702702702703, 0.28378378378378377, 0.29054054054054057, 0.2972972972972973, 0.30405405405405406, 0.31081081081081086, 0.3175675675675676, 0.32432432432432434, 0.3310810810810811, 0.33783783783783783, 0.3445945945945946, 0.35135135135135137, 0.3581081081081081, 0.3648648648648649, 0.37162162162162166, 0.3783783783783784, 0.38513513513513514, 0.3918918918918919, 0.3986486486486487, 0.40540540540540543, 0.41216216216216217, 0.41891891891891897, 0.4256756756756757, 0.43243243243243246, 0.4391891891891892, 0.44594594594594594, 0.45270270270270274, 0.4594594594594595, 0.46621621621621623, 0.472972972972973, 0.47972972972972977, 0.4864864864864865, 0.49324324324324326]
Amplitude: [57351.456896819924, 1355.3983030983181, 3288.2904017114975, 1069.919308954205, 1698.047011836267, 1505.6659752511239, 470.74104396718053, 921.9870699690135, 1304.9554169503842, 607.7225832389836, 941.8846794631373, 1102.1728691286637, 469.5779130443009, 712.6159085636679, 881.225244848354, 778.0221663893943, 735.3930755013429, 921.9358429307548, 457.0241601572345, 637.7926071072013, 836.0152983037676, 848.277724517365, 901.4743217830754, 651.3318213657705, 527.1842254620151, 597.8387152350219, 707.9431387183788, 718.412819063037, 732.5476205315973, 575.0303949072481, 512.6666268001795, 676.9049335057715, 642.6988545030067, 635.438594103641, 616.3057445686912, 468.8783027235333, 414.911786924445, 611.8271231683874, 611.4654221980504, 469.37940692496915, 573.8625443068112, 583.2396988656303, 402.48762288356886, 449.82407133152316, 538.8127023785305, 423.6112062874469, 374.29120445972706, 472.65504884037705, 429.7553440068712, 355.7668280701006, 388.4163706390387, 392.3810653520079, 323.86746946606365, 341.9790122956898, 341.9162158920618, 248.79504269373524, 298.97576434210515, 365.33577353883027, 218.61044062779874, 200.6473015246137, 280.8030379814395, 214.9616286253246, 156.11922635685875, 228.289576804253, 140.96527111281048, 89.36669097837681, 172.55990807445107, 173.78152659976905, 96.41152701009173, 62.70716647281991, 38.33843563363188, 41.601887676047326, 84.5506708148149, 35.08806888578893]

landmark_30:
Frequency (Hz): [0.0, 0.006756756756756757, 0.013513513513513514, 0.02027027027027027, 0.02702702702702703, 0.033783783783783786, 0.04054054054054054, 0.0472972972972973, 0.05405405405405406, 0.060810810810810814, 0.06756756756756757, 0.07432432432432433, 0.08108108108108109, 0.08783783783783784, 0.0945945945945946, 0.10135135135135136, 0.10810810810810811, 0.11486486486486487, 0.12162162162162163, 0.1283783783783784, 0.13513513513513514, 0.14189189189189189, 0.14864864864864866, 0.15540540540540543, 0.16216216216216217, 0.16891891891891891, 0.17567567567567569, 0.18243243243243246, 0.1891891891891892, 0.19594594594594594, 0.20270270270270271, 0.20945945945945948, 0.21621621621621623, 0.22297297297297297, 0.22972972972972974, 0.2364864864864865, 0.24324324324324326, 0.25, 0.2567567567567568, 0.26351351351351354, 0.2702702702702703, 0.27702702702702703, 0.28378378378378377, 0.29054054054054057, 0.2972972972972973, 0.30405405405405406, 0.31081081081081086, 0.3175675675675676, 0.32432432432432434, 0.3310810810810811, 0.33783783783783783, 0.3445945945945946, 0.35135135135135137, 0.3581081081081081, 0.3648648648648649, 0.37162162162162166, 0.3783783783783784, 0.38513513513513514, 0.3918918918918919, 0.3986486486486487, 0.40540540540540543, 0.41216216216216217, 0.41891891891891897, 0.4256756756756757, 0.43243243243243246, 0.4391891891891892, 0.44594594594594594, 0.45270270270270274, 0.4594594594594595, 0.46621621621621623, 0.472972972972973, 0.47972972972972977, 0.4864864864864865, 0.49324324324324326]
Amplitude: [56604.372543294674, 2546.947435259779, 3545.6595181224598, 2168.112021766205, 896.7762974754274, 1087.3045026370905, 913.6204471512717, 713.349234352965, 773.8496122208222, 1102.3236813783467, 925.2121623335339, 1089.1421053018712, 1185.3540212334192, 997.0879882901082, 677.4251240925715, 961.9363118740963, 742.0999437689497, 1013.3914267146948, 735.2524680295058, 1131.2549703580241, 605.1617677475929, 911.7100521840804, 780.2667506903753, 862.9473858784316, 895.6233913326034, 918.0710264247535, 841.481166276023, 832.9312596433879, 802.0410928291367, 775.7126113941337, 823.649108191903, 750.1349799810981, 892.9335095589574, 715.6812977157564, 767.1416197885239, 762.1896753592465, 670.4940420458298, 774.5842432646123, 706.9882604461752, 738.8173858228332, 652.6572985117872, 587.920961455316, 573.7608620182675, 498.1046195572452, 493.5291459932582, 466.68639859351, 472.82183570433773, 476.76612050114494, 492.24296029985413, 503.59191756960655, 510.6949783552134, 460.0805074255081, 443.09321360451713, 430.6547767102639, 373.9113454013421, 377.86633229795746, 347.30744552011896, 316.07558075923953, 294.534399732321, 289.04527706845283, 279.7775089115386, 262.2578762797766, 255.24562483133442, 214.27121854243964, 230.62874294049362, 91.46946715371976, 158.87055244242103, 58.48777098633807, 84.66199565666794, 72.56232039491995, 93.71775005589498, 87.32412594227847, 76.2258067369887, 56.176125142046196]

landmark_31:
Frequency (Hz): [0.0, 0.006756756756756757, 0.013513513513513514, 0.02027027027027027, 0.02702702702702703, 0.033783783783783786, 0.04054054054054054, 0.0472972972972973, 0.05405405405405406, 0.060810810810810814, 0.06756756756756757, 0.07432432432432433, 0.08108108108108109, 0.08783783783783784, 0.0945945945945946, 0.10135135135135136, 0.10810810810810811, 0.11486486486486487, 0.12162162162162163, 0.1283783783783784, 0.13513513513513514, 0.14189189189189189, 0.14864864864864866, 0.15540540540540543, 0.16216216216216217, 0.16891891891891891, 0.17567567567567569, 0.18243243243243246, 0.1891891891891892, 0.19594594594594594, 0.20270270270270271, 0.20945945945945948, 0.21621621621621623, 0.22297297297297297, 0.22972972972972974, 0.2364864864864865, 0.24324324324324326, 0.25, 0.2567567567567568, 0.26351351351351354, 0.2702702702702703, 0.27702702702702703, 0.28378378378378377, 0.29054054054054057, 0.2972972972972973, 0.30405405405405406, 0.31081081081081086, 0.3175675675675676, 0.32432432432432434, 0.3310810810810811, 0.33783783783783783, 0.3445945945945946, 0.35135135135135137, 0.3581081081081081, 0.3648648648648649, 0.37162162162162166, 0.3783783783783784, 0.38513513513513514, 0.3918918918918919, 0.3986486486486487, 0.40540540540540543, 0.41216216216216217, 0.41891891891891897, 0.4256756756756757, 0.43243243243243246, 0.4391891891891892, 0.44594594594594594, 0.45270270270270274, 0.4594594594594595, 0.46621621621621623, 0.472972972972973, 0.47972972972972977, 0.4864864864864865, 0.49324324324324326]
Amplitude: [55820.008236160626, 1144.9059295861543, 4077.0365050950577, 746.7719393484912, 1784.8254859122083, 666.4487520175965, 438.11968983511275, 740.4473788902451, 1913.1653357706846, 687.339571783524, 1163.2273484002126, 542.5850827307829, 440.5257780034927, 515.4227959202896, 770.4461925897281, 681.1432955836706, 719.816969288922, 869.5852764003973, 396.2983316796916, 544.9148931875919, 892.6325401548938, 694.8264715306735, 802.9220383950965, 619.7604358273509, 552.29963254175, 521.9664420569705, 698.3170974141275, 635.9402382217082, 677.7512436349753, 479.29623114538686, 390.64718648076126, 597.6260392072929, 527.3006973462458, 554.4146767572356, 566.5244325423158, 401.4350884172007, 387.58800383057405, 546.5008901145575, 544.5231106384406, 390.0506046188452, 526.1437620979059, 526.6912884007758, 346.90054125480657, 439.3562005800939, 493.6049294206379, 383.32458482081466, 339.74620411428623, 412.12493343682604, 373.6645707894952, 300.32957146293137, 348.17419100403004, 367.8128037334513, 302.930728072696, 299.41782607342486, 322.4339874115553, 231.28583549511225, 255.68426635055772, 316.04119683759143, 202.96688964829528, 167.66330034024483, 241.02274940101051, 202.13002448598647, 137.53952896571985, 219.84614686465991, 125.30878795219542, 119.31072514452724, 132.33331988548235, 151.6434630919848, 76.4200554789573, 48.158864291779, 46.02047095091411, 38.58857076565375, 88.15428839959075, 29.327005304045205]

landmark_32:
Frequency (Hz): [0.0, 0.006756756756756757, 0.013513513513513514, 0.02027027027027027, 0.02702702702702703, 0.033783783783783786, 0.04054054054054054, 0.0472972972972973, 0.05405405405405406, 0.060810810810810814, 0.06756756756756757, 0.07432432432432433, 0.08108108108108109, 0.08783783783783784, 0.0945945945945946, 0.10135135135135136, 0.10810810810810811, 0.11486486486486487, 0.12162162162162163, 0.1283783783783784, 0.13513513513513514, 0.14189189189189189, 0.14864864864864866, 0.15540540540540543, 0.16216216216216217, 0.16891891891891891, 0.17567567567567569, 0.18243243243243246, 0.1891891891891892, 0.19594594594594594, 0.20270270270270271, 0.20945945945945948, 0.21621621621621623, 0.22297297297297297, 0.22972972972972974, 0.2364864864864865, 0.24324324324324326, 0.25, 0.2567567567567568, 0.26351351351351354, 0.2702702702702703, 0.27702702702702703, 0.28378378378378377, 0.29054054054054057, 0.2972972972972973, 0.30405405405405406, 0.31081081081081086, 0.3175675675675676, 0.32432432432432434, 0.3310810810810811, 0.33783783783783783, 0.3445945945945946, 0.35135135135135137, 0.3581081081081081, 0.3648648648648649, 0.37162162162162166, 0.3783783783783784, 0.38513513513513514, 0.3918918918918919, 0.3986486486486487, 0.40540540540540543, 0.41216216216216217, 0.41891891891891897, 0.4256756756756757, 0.43243243243243246, 0.4391891891891892, 0.44594594594594594, 0.45270270270270274, 0.4594594594594595, 0.46621621621621623, 0.472972972972973, 0.47972972972972977, 0.4864864864864865, 0.49324324324324326]
Amplitude: [55053.885463593855, 1444.8820206760693, 290.44136318403577, 1311.5077096274224, 402.3504498143899, 710.0654745418614, 1237.8908666727386, 876.8311109220898, 811.0840745239072, 1037.6017991482179, 809.074846377347, 936.6219115663932, 869.873129257876, 583.7933894094589, 636.2050121354295, 782.9174567102259, 707.8209688773766, 938.1489668678225, 643.4910556833543, 946.4381842223547, 542.359608503506, 847.5219261758581, 703.3140396612142, 765.3757585134856, 808.8141790333921, 788.8030147999289, 707.3245979027835, 763.99502889219, 686.9417589024778, 735.087994790449, 763.4158195575162, 687.7674335460721, 792.205647771029, 656.661633613038, 695.2537651980685, 683.922154328102, 641.043419078486, 700.3681832162019, 631.8130386859607, 649.264336197517, 581.5683216162793, 485.90978430984455, 511.08772760880066, 416.1926467776862, 430.63120030275803, 391.2885637228298, 406.6799738957774, 407.6539683760447, 418.50645828102176, 398.94840199700025, 449.46826836260124, 376.83448946533747, 409.0678055326529, 396.72524313994035, 349.2529722814733, 351.0700266932724, 291.5157703087621, 267.20141640092197, 252.58893634155285, 243.30977635508327, 267.2584457198034, 209.24388854590188, 245.76814352964863, 182.13098757746957, 211.3939710423284, 78.54766672113786, 102.3211581507285, 71.02796933512725, 87.9859301063193, 72.65681706345805, 84.10560560638356, 90.36986178010481, 84.60730208679779, 51.64633008190825]

